8DBFABBABB6E9FA6 0 DDD1CB4D26CCF20A 0 4 20 00700730 07060706 F 0 FFFF00 00000652 00000000 00000000 | 20 0 0 0 0 0 0 0 0 0 0 0 0 0 0 0 | POSITION 0 0 6 0 0 TEXCOORD 0 4 16 0 12
8DBFABBABB6E9FA6 0 DDD1CB4D26CCF20A 2 4 20 00700736 07060706 F 0 FFFF00 00000652 00000000 00000000 | 20 0 0 0 0 0 0 0 0 0 0 0 0 0 0 0 | POSITION 0 0 6 0 0 TEXCOORD 0 4 16 0 12
5CE85ADA10493940 0 4EA7868A02DF0DE3 0 4 20 00700736 07060706 F 0 FFFF00 0000002A 00000000 00000000 | 12 0 0 0 0 0 0 0 0 0 0 0 0 0 0 0 | POSITION 0 0 6 0 0
8DBFABBABB6E9FA6 0 DDD1CB4D26CCF20A 0 4 20 00700736 07060706 F 0 FFFF00 00000652 00000000 00000000 | 20 0 0 0 0 0 0 0 0 0 0 0 0 0 0 0 | POSITION 0 0 6 0 0 TEXCOORD 0 4 16 0 12
8DBFABBABB6E9FA6 0 A89BA450C5DE961F 2 4 20 00700730 07060706 F 0 FFFF00 00000652 00000000 00000000 | 20 0 0 0 0 0 0 0 0 0 0 0 0 0 0 0 | POSITION 0 0 6 0 0 TEXCOORD 0 4 16 0 12
5CE85ADA10493940 0 4EA7868A02DF0DE3 0 4 20 00700730 07060706 F 0 FFFF00 0000002A 00000000 00000000 | 12 0 0 0 0 0 0 0 0 0 0 0 0 0 0 0 | POSITION 0 0 6 0 0
8DBFABBABB6E9FA6 0 DDD1CB4D26CCF20A 2 4 20 00700730 07060706 F 0 FFFF00 00000652 00000000 00000000 | 20 0 0 0 0 0 0 0 0 0 0 0 0 0 0 0 | POSITION 0 0 6 0 0 TEXCOORD 0 4 16 0 12
B849207CA9AB75FA 0 B18D538D1AEF0F0E 0 4 20 00700734 00010001 F 0 FFFF00 00000332 00000000 00000000 | 24 0 0 0 0 0 0 0 0 0 0 0 0 0 0 0 | POSITION 0 0 2 0 0 TEXCOORD 0 4 16 0 16
12A115B158FF12DD 0 8D2C749206DAA3D3 0 5 34 00700736 00010001 F 6 FFFF00 000125D6 00000000 00000000 | 32 0 0 0 0 0 0 0 0 0 0 0 0 0 0 0 | POSITION 0 0 2 0 0 BLENDWEIGHT 0 10 2 15 0 BLENDINDICES 0 9 21 0 16
9C32632B628EDD92 1 24B3E2C678D1064B 2 5 20 00700736 07060706 F 0 FFFF00 859ADEC5 00000000 00000000 | 32 0 0 0 0 0 0 0 0 0 0 0 0 0 0 0 | POSITION 0 0 2 0 0 BLENDWEIGHT 0 10 2 15 0 BLENDINDICES 0 9 21 0 16 NORMAL 0 1 35 0 20 COLOR 0 8 24 0 24 TEXCOORD 0 4 26 0 28
9C32632B628EDD92 1 24B3E2C678D1064B 2 5 20 00700736 07060706 F 6 FFFF00 859ADEC5 00000000 00000000 | 32 0 0 0 0 0 0 0 0 0 0 0 0 0 0 0 | POSITION 0 0 2 0 0 BLENDWEIGHT 0 10 2 15 0 BLENDINDICES 0 9 21 0 16 NORMAL 0 1 35 0 20 COLOR 0 8 24 0 24 TEXCOORD 0 4 26 0 28
9C32632B628EDD92 1 548BBE299F4BA118 2 5 20 00700736 07060706 F 6 FFFF00 859ADEC5 00000000 00000000 | 32 0 0 0 0 0 0 0 0 0 0 0 0 0 0 0 | POSITION 0 0 2 0 0 BLENDWEIGHT 0 10 2 15 0 BLENDINDICES 0 9 21 0 16 NORMAL 0 1 35 0 20 COLOR 0 8 24 0 24 TEXCOORD 0 4 26 0 28
B611F0EAD2E08458 1 4334E96F2C3F2A71 2 5 20 00700736 07060706 F 6 FFFF00 859ADEC5 00000000 00000000 | 32 0 0 0 0 0 0 0 0 0 0 0 0 0 0 0 | POSITION 0 0 2 0 0 BLENDWEIGHT 0 10 2 15 0 BLENDINDICES 0 9 21 0 16 NORMAL 0 1 35 0 20 COLOR 0 8 24 0 24 TEXCOORD 0 4 26 0 28
8DBFABBABB6E9FA6 0 DDD1CB4D26CCF20A 2 4 20 00700734 07060706 F 0 FFFF00 00000652 00000000 00000000 | 20 0 0 0 0 0 0 0 0 0 0 0 0 0 0 0 | POSITION 0 0 6 0 0 TEXCOORD 0 4 16 0 12
5CE85ADA10493940 0 4EA7868A02DF0DE3 2 4 20 00700734 07060706 F 0 FFFF00 0000002A 00000000 00000000 | 12 0 0 0 0 0 0 0 0 0 0 0 0 0 0 0 | POSITION 0 0 6 0 0
12A115B158FF12DD 0 8D2C749206DAA3D3 0 5 34 00700736 00010001 F 6 FFFF00 00005D03 00000000 00000000 | 44 0 0 0 0 0 0 0 0 0 0 0 0 0 0 0 | POSITION 0 0 2 0 0 BLENDWEIGHT 0 10 6 0 16 BLENDINDICES 0 9 21 0 28
12A115B158FF12DD 0 8D2C749206DAA3D3 0 5 34 00700732 00010001 F 6 FFFF00 00005D03 00000000 00000000 | 44 0 0 0 0 0 0 0 0 0 0 0 0 0 0 0 | POSITION 0 0 2 0 0 BLENDWEIGHT 0 10 6 0 16 BLENDINDICES 0 9 21 0 28
58347E62CDAA721E 1 4280079740ECA876 2 5 20 00700736 07060706 F 6 FFFF00 859ADEC5 00000000 00000000 | 32 0 0 0 0 0 0 0 0 0 0 0 0 0 0 0 | POSITION 0 0 2 0 0 BLENDWEIGHT 0 10 2 15 0 BLENDINDICES 0 9 21 0 16 NORMAL 0 1 35 0 20 COLOR 0 8 24 0 24 TEXCOORD 0 4 26 0 28
8E079AD07D46A3C2 1 00EB707B40E95696 2 5 20 00700736 07060706 F 6 FFFF00 859ADEC5 00000000 00000000 | 32 0 0 0 0 0 0 0 0 0 0 0 0 0 0 0 | POSITION 0 0 2 0 0 BLENDWEIGHT 0 10 2 15 0 BLENDINDICES 0 9 21 0 16 NORMAL 0 1 35 0 20 COLOR 0 8 24 0 24 TEXCOORD 0 4 26 0 28
C7961D7A4BEEDFCE 1 E12391C57D16A6EB 2 5 20 00700736 07060706 F 6 FFFF00 2A53D3C4 00000000 00000000 | 44 0 0 0 0 0 0 0 0 0 0 0 0 0 0 0 | POSITION 0 0 2 0 0 BLENDWEIGHT 0 10 6 0 16 BLENDINDICES 0 9 21 0 28 NORMAL 0 1 35 0 32 COLOR 0 8 24 0 36 TEXCOORD 0 4 26 0 40
8E079AD07D46A3C2 1 00EB707B40E95696 2 5 20 00700736 07060706 F 6 FFFF00 2A53D3C4 00000000 00000000 | 44 0 0 0 0 0 0 0 0 0 0 0 0 0 0 0 | POSITION 0 0 2 0 0 BLENDWEIGHT 0 10 6 0 16 BLENDINDICES 0 9 21 0 28 NORMAL 0 1 35 0 32 COLOR 0 8 24 0 36 TEXCOORD 0 4 26 0 40
C7961D7A4BEEDFCE 1 5419CCD7B98BFD8D 2 5 20 00700736 07060706 F 6 FFFF00 2A53D3C4 00000000 00000000 | 44 0 0 0 0 0 0 0 0 0 0 0 0 0 0 0 | POSITION 0 0 2 0 0 BLENDWEIGHT 0 10 6 0 16 BLENDINDICES 0 9 21 0 28 NORMAL 0 1 35 0 32 COLOR 0 8 24 0 36 TEXCOORD 0 4 26 0 40
C7961D7A4BEEDFCE 1 BBE3822DAFF61B4A 2 5 20 00700736 07060706 F 6 FFFF00 2A53D3C4 00000000 00000000 | 44 0 0 0 0 0 0 0 0 0 0 0 0 0 0 0 | POSITION 0 0 2 0 0 BLENDWEIGHT 0 10 6 0 16 BLENDINDICES 0 9 21 0 28 NORMAL 0 1 35 0 32 COLOR 0 8 24 0 36 TEXCOORD 0 4 26 0 40
C7961D7A4BEEDFCE 1 DE57AE3FF62F6E6A 2 5 20 00700736 07060706 F 6 FFFF00 2A53D3C4 00000000 00000000 | 44 0 0 0 0 0 0 0 0 0 0 0 0 0 0 0 | POSITION 0 0 2 0 0 BLENDWEIGHT 0 10 6 0 16 BLENDINDICES 0 9 21 0 28 NORMAL 0 1 35 0 32 COLOR 0 8 24 0 36 TEXCOORD 0 4 26 0 40
9225557549B11A56 1 045F90B1AA1136C6 2 5 20 00700736 07060706 F 6 FFFF00 2A53D3C4 00000000 00000000 | 44 0 0 0 0 0 0 0 0 0 0 0 0 0 0 0 | POSITION 0 0 2 0 0 BLENDWEIGHT 0 10 6 0 16 BLENDINDICES 0 9 21 0 28 NORMAL 0 1 35 0 32 COLOR 0 8 24 0 36 TEXCOORD 0 4 26 0 40
C7961D7A4BEEDFCE 1 BBE3822DAFF61B4A 2 5 20 00700736 07060706 F 0 FFFF00 2A53D3C4 00000000 00000000 | 44 0 0 0 0 0 0 0 0 0 0 0 0 0 0 0 | POSITION 0 0 2 0 0 BLENDWEIGHT 0 10 6 0 16 BLENDINDICES 0 9 21 0 28 NORMAL 0 1 35 0 32 COLOR 0 8 24 0 36 TEXCOORD 0 4 26 0 40
328E57C6C81680DA 1 AC148704B99D23C7 2 5 20 00700732 07060706 F 0 FFFF00 2A53D3C4 00000000 00000000 | 44 0 0 0 0 0 0 0 0 0 0 0 0 0 0 0 | POSITION 0 0 2 0 0 BLENDWEIGHT 0 10 6 0 16 BLENDINDICES 0 9 21 0 28 NORMAL 0 1 35 0 32 COLOR 0 8 24 0 36 TEXCOORD 0 4 26 0 40
B6E4786C184561F9 1 AC148704B99D23C7 2 5 20 00700736 07060706 F 6 FFFF00 018C9CE6 00000000 00000000 | 32 0 0 0 0 0 0 0 0 0 0 0 0 0 0 0 | POSITION 0 0 2 0 0 BLENDINDICES 0 9 21 0 16 NORMAL 0 1 35 0 20 COLOR 0 8 24 0 24 TEXCOORD 0 4 26 0 28
9C32632B628EDD92 1 9F8034E326734C41 2 5 20 00700736 07060706 F 6 FFFF00 859ADEC5 00000000 00000000 | 32 0 0 0 0 0 0 0 0 0 0 0 0 0 0 0 | POSITION 0 0 2 0 0 BLENDWEIGHT 0 10 2 15 0 BLENDINDICES 0 9 21 0 16 NORMAL 0 1 35 0 20 COLOR 0 8 24 0 24 TEXCOORD 0 4 26 0 28
0EAEBF0EE30CC717 1 4E98577E4D43FF1C 2 5 20 00700736 07060706 F 6 FFFF00 859ADEC5 00000000 00000000 | 32 0 0 0 0 0 0 0 0 0 0 0 0 0 0 0 | POSITION 0 0 2 0 0 BLENDWEIGHT 0 10 2 15 0 BLENDINDICES 0 9 21 0 16 NORMAL 0 1 35 0 20 COLOR 0 8 24 0 24 TEXCOORD 0 4 26 0 28
D41D55059D2DAE2A 1 9F8034E326734C41 2 5 20 00700736 07060706 F 6 FFFF00 018C9CE6 00000000 00000000 | 32 0 0 0 0 0 0 0 0 0 0 0 0 0 0 0 | POSITION 0 0 2 0 0 BLENDINDICES 0 9 21 0 16 NORMAL 0 1 35 0 20 COLOR 0 8 24 0 24 TEXCOORD 0 4 26 0 28
14BECB9A2BB63E85 1 AC148704B99D23C7 2 5 20 00700736 07060706 F 6 FFFF00 018C9CE6 00000000 00000000 | 32 0 0 0 0 0 0 0 0 0 0 0 0 0 0 0 | POSITION 0 0 2 0 0 BLENDINDICES 0 9 21 0 16 NORMAL 0 1 35 0 20 COLOR 0 8 24 0 24 TEXCOORD 0 4 26 0 28
1647CD4DD327C99C 1 6D566AF8A7FED01B 2 5 20 00700736 07060706 F 6 FFFF00 018C9CE6 00000000 00000000 | 32 0 0 0 0 0 0 0 0 0 0 0 0 0 0 0 | POSITION 0 0 2 0 0 BLENDINDICES 0 9 21 0 16 NORMAL 0 1 35 0 20 COLOR 0 8 24 0 24 TEXCOORD 0 4 26 0 28
1647CD4DD327C99C 1 6D566AF8A7FED01B 2 5 20 00700736 07060706 F 2 FFFF00 018C9CE6 00000000 00000000 | 32 0 0 0 0 0 0 0 0 0 0 0 0 0 0 0 | POSITION 0 0 2 0 0 BLENDINDICES 0 9 21 0 16 NORMAL 0 1 35 0 20 COLOR 0 8 24 0 24 TEXCOORD 0 4 26 0 28
14BECB9A2BB63E85 1 BFADB809BAE55255 2 5 20 00700736 07060706 F 6 FFFF00 018C9CE6 00000000 00000000 | 32 0 0 0 0 0 0 0 0 0 0 0 0 0 0 0 | POSITION 0 0 2 0 0 BLENDINDICES 0 9 21 0 16 NORMAL 0 1 35 0 20 COLOR 0 8 24 0 24 TEXCOORD 0 4 26 0 28
78F1DA0DC6F64E24 1 DF1F230CE4198804 2 5 20 00700736 07060706 F 6 FFFF00 018C9CE6 00000000 00000000 | 32 0 0 0 0 0 0 0 0 0 0 0 0 0 0 0 | POSITION 0 0 2 0 0 BLENDINDICES 0 9 21 0 16 NORMAL 0 1 35 0 20 COLOR 0 8 24 0 24 TEXCOORD 0 4 26 0 28
D41D55059D2DAE2A 1 9F8034E326734C41 2 5 20 00700736 07060706 F 0 FFFF00 018C9CE6 00000000 00000000 | 32 0 0 0 0 0 0 0 0 0 0 0 0 0 0 0 | POSITION 0 0 2 0 0 BLENDINDICES 0 9 21 0 16 NORMAL 0 1 35 0 20 COLOR 0 8 24 0 24 TEXCOORD 0 4 26 0 28
14BECB9A2BB63E85 1 AC148704B99D23C7 2 5 20 00700736 07060706 F 2 FFFF00 018C9CE6 00000000 00000000 | 32 0 0 0 0 0 0 0 0 0 0 0 0 0 0 0 | POSITION 0 0 2 0 0 BLENDINDICES 0 9 21 0 16 NORMAL 0 1 35 0 20 COLOR 0 8 24 0 24 TEXCOORD 0 4 26 0 28
14BECB9A2BB63E85 1 AC148704B99D23C7 2 5 20 00700732 07060706 F 6 FFFF00 018C9CE6 00000000 00000000 | 32 0 0 0 0 0 0 0 0 0 0 0 0 0 0 0 | POSITION 0 0 2 0 0 BLENDINDICES 0 9 21 0 16 NORMAL 0 1 35 0 20 COLOR 0 8 24 0 24 TEXCOORD 0 4 26 0 28
14BECB9A2BB63E85 1 BFADB809BAE55255 2 5 20 00700736 07060706 F 0 FFFF00 018C9CE6 00000000 00000000 | 32 0 0 0 0 0 0 0 0 0 0 0 0 0 0 0 | POSITION 0 0 2 0 0 BLENDINDICES 0 9 21 0 16 NORMAL 0 1 35 0 20 COLOR 0 8 24 0 24 TEXCOORD 0 4 26 0 28
14BECB9A2BB63E85 1 AC148704B99D23C7 2 5 20 00700736 07060706 F 0 FFFF00 018C9CE6 00000000 00000000 | 32 0 0 0 0 0 0 0 0 0 0 0 0 0 0 0 | POSITION 0 0 2 0 0 BLENDINDICES 0 9 21 0 16 NORMAL 0 1 35 0 20 COLOR 0 8 24 0 24 TEXCOORD 0 4 26 0 28
FD6716562E93D7E1 1 B31152BF5F38482F 2 5 20 00700736 07060706 F 6 FFFF00 018C9CE6 00000000 00000000 | 32 0 0 0 0 0 0 0 0 0 0 0 0 0 0 0 | POSITION 0 0 2 0 0 BLENDINDICES 0 9 21 0 16 NORMAL 0 1 35 0 20 COLOR 0 8 24 0 24 TEXCOORD 0 4 26 0 28
D41D55059D2DAE2A 1 24B3E2C678D1064B 2 5 20 00700736 07060706 F 0 FFFF00 018C9CE6 00000000 00000000 | 32 0 0 0 0 0 0 0 0 0 0 0 0 0 0 0 | POSITION 0 0 2 0 0 BLENDINDICES 0 9 21 0 16 NORMAL 0 1 35 0 20 COLOR 0 8 24 0 24 TEXCOORD 0 4 26 0 28
D41D55059D2DAE2A 1 24B3E2C678D1064B 2 5 20 00700736 07060706 F 6 FFFF00 018C9CE6 00000000 00000000 | 32 0 0 0 0 0 0 0 0 0 0 0 0 0 0 0 | POSITION 0 0 2 0 0 BLENDINDICES 0 9 21 0 16 NORMAL 0 1 35 0 20 COLOR 0 8 24 0 24 TEXCOORD 0 4 26 0 28
865F9E838F50F808 1 4334E96F2C3F2A71 2 5 20 00700736 07060706 F 6 FFFF00 018C9CE6 00000000 00000000 | 32 0 0 0 0 0 0 0 0 0 0 0 0 0 0 0 | POSITION 0 0 2 0 0 BLENDINDICES 0 9 21 0 16 NORMAL 0 1 35 0 20 COLOR 0 8 24 0 24 TEXCOORD 0 4 26 0 28
9C32632B628EDD92 1 24B3E2C678D1064B 0 5 20 00700736 00010001 F 6 FFFF00 859ADEC5 00000000 00000000 | 32 0 0 0 0 0 0 0 0 0 0 0 0 0 0 0 | POSITION 0 0 2 0 0 BLENDWEIGHT 0 10 2 15 0 BLENDINDICES 0 9 21 0 16 NORMAL 0 1 35 0 20 COLOR 0 8 24 0 24 TEXCOORD 0 4 26 0 28
9C32632B628EDD92 1 9F8034E326734C41 0 5 20 00700736 00010001 F 6 FFFF00 859ADEC5 00000000 00000000 | 32 0 0 0 0 0 0 0 0 0 0 0 0 0 0 0 | POSITION 0 0 2 0 0 BLENDWEIGHT 0 10 2 15 0 BLENDINDICES 0 9 21 0 16 NORMAL 0 1 35 0 20 COLOR 0 8 24 0 24 TEXCOORD 0 4 26 0 28
14BECB9A2BB63E85 1 AC148704B99D23C7 0 5 20 1C7187B3 07060706 0 0 FFFF00 018C9CE6 00000000 00000000 | 32 0 0 0 0 0 0 0 0 0 0 0 0 0 0 0 | POSITION 0 0 2 0 0 BLENDINDICES 0 9 21 0 16 NORMAL 0 1 35 0 20 COLOR 0 8 24 0 24 TEXCOORD 0 4 26 0 28
14BECB9A2BB63E85 1 AC148704B99D23C7 2 5 20 00300335 01860186 F 6 FFFF00 018C9CE6 00000000 00000000 | 32 0 0 0 0 0 0 0 0 0 0 0 0 0 0 0 | POSITION 0 0 2 0 0 BLENDINDICES 0 9 21 0 16 NORMAL 0 1 35 0 20 COLOR 0 8 24 0 24 TEXCOORD 0 4 26 0 28
9C32632B628EDD92 1 24B3E2C678D1064B 2 5 20 00300336 07060706 F 0 FFFF00 859ADEC5 00000000 00000000 | 32 0 0 0 0 0 0 0 0 0 0 0 0 0 0 0 | POSITION 0 0 2 0 0 BLENDWEIGHT 0 10 2 15 0 BLENDINDICES 0 9 21 0 16 NORMAL 0 1 35 0 20 COLOR 0 8 24 0 24 TEXCOORD 0 4 26 0 28
9C32632B628EDD92 1 24B3E2C678D1064B 2 5 20 00300336 07060706 F 6 FFFF00 859ADEC5 00000000 00000000 | 32 0 0 0 0 0 0 0 0 0 0 0 0 0 0 0 | POSITION 0 0 2 0 0 BLENDWEIGHT 0 10 2 15 0 BLENDINDICES 0 9 21 0 16 NORMAL 0 1 35 0 20 COLOR 0 8 24 0 24 TEXCOORD 0 4 26 0 28
9C32632B628EDD92 1 548BBE299F4BA118 2 5 20 00300336 07060706 F 6 FFFF00 859ADEC5 00000000 00000000 | 32 0 0 0 0 0 0 0 0 0 0 0 0 0 0 0 | POSITION 0 0 2 0 0 BLENDWEIGHT 0 10 2 15 0 BLENDINDICES 0 9 21 0 16 NORMAL 0 1 35 0 20 COLOR 0 8 24 0 24 TEXCOORD 0 4 26 0 28
B611F0EAD2E08458 1 4334E96F2C3F2A71 2 5 20 00300336 07060706 F 6 FFFF00 859ADEC5 00000000 00000000 | 32 0 0 0 0 0 0 0 0 0 0 0 0 0 0 0 | POSITION 0 0 2 0 0 BLENDWEIGHT 0 10 2 15 0 BLENDINDICES 0 9 21 0 16 NORMAL 0 1 35 0 20 COLOR 0 8 24 0 24 TEXCOORD 0 4 26 0 28
14BECB9A2BB63E85 1 AC148704B99D23C7 2 5 20 00300332 07060706 F 6 FFFF00 018C9CE6 00000000 00000000 | 32 0 0 0 0 0 0 0 0 0 0 0 0 0 0 0 | POSITION 0 0 2 0 0 BLENDINDICES 0 9 21 0 16 NORMAL 0 1 35 0 20 COLOR 0 8 24 0 24 TEXCOORD 0 4 26 0 28
14BECB9A2BB63E85 1 AC148704B99D23C7 2 5 20 00300332 07060706 F 2 FFFF00 018C9CE6 00000000 00000000 | 32 0 0 0 0 0 0 0 0 0 0 0 0 0 0 0 | POSITION 0 0 2 0 0 BLENDINDICES 0 9 21 0 16 NORMAL 0 1 35 0 20 COLOR 0 8 24 0 24 TEXCOORD 0 4 26 0 28
14BECB9A2BB63E85 1 AC148704B99D23C7 2 5 20 00300336 07060706 F 6 FFFF00 018C9CE6 00000000 00000000 | 32 0 0 0 0 0 0 0 0 0 0 0 0 0 0 0 | POSITION 0 0 2 0 0 BLENDINDICES 0 9 21 0 16 NORMAL 0 1 35 0 20 COLOR 0 8 24 0 24 TEXCOORD 0 4 26 0 28
14BECB9A2BB63E85 1 323E1E69D4DF4B8D 2 5 20 00300336 07060706 F 0 FFFF00 018C9CE6 00000000 00000000 | 32 0 0 0 0 0 0 0 0 0 0 0 0 0 0 0 | POSITION 0 0 2 0 0 BLENDINDICES 0 9 21 0 16 NORMAL 0 1 35 0 20 COLOR 0 8 24 0 24 TEXCOORD 0 4 26 0 28
14BECB9A2BB63E85 1 B456EC67B06BDEB3 2 5 20 00300336 07060706 F 0 FFFF00 018C9CE6 00000000 00000000 | 32 0 0 0 0 0 0 0 0 0 0 0 0 0 0 0 | POSITION 0 0 2 0 0 BLENDINDICES 0 9 21 0 16 NORMAL 0 1 35 0 20 COLOR 0 8 24 0 24 TEXCOORD 0 4 26 0 28
14BECB9A2BB63E85 1 AC148704B99D23C7 2 5 20 00300336 07060706 F 0 FFFF00 018C9CE6 00000000 00000000 | 32 0 0 0 0 0 0 0 0 0 0 0 0 0 0 0 | POSITION 0 0 2 0 0 BLENDINDICES 0 9 21 0 16 NORMAL 0 1 35 0 20 COLOR 0 8 24 0 24 TEXCOORD 0 4 26 0 28
14BECB9A2BB63E85 1 BFADB809BAE55255 2 5 20 00300336 07060706 F 0 FFFF00 018C9CE6 00000000 00000000 | 32 0 0 0 0 0 0 0 0 0 0 0 0 0 0 0 | POSITION 0 0 2 0 0 BLENDINDICES 0 9 21 0 16 NORMAL 0 1 35 0 20 COLOR 0 8 24 0 24 TEXCOORD 0 4 26 0 28
14BECB9A2BB63E85 1 AC148704B99D23C7 2 5 20 00300336 07060706 F 2 FFFF00 018C9CE6 00000000 00000000 | 32 0 0 0 0 0 0 0 0 0 0 0 0 0 0 0 | POSITION 0 0 2 0 0 BLENDINDICES 0 9 21 0 16 NORMAL 0 1 35 0 20 COLOR 0 8 24 0 24 TEXCOORD 0 4 26 0 28
D41D55059D2DAE2A 1 916B6CA7DC935741 2 5 20 00300332 07060706 F 6 FFFF00 018C9CE6 00000000 00000000 | 32 0 0 0 0 0 0 0 0 0 0 0 0 0 0 0 | POSITION 0 0 2 0 0 BLENDINDICES 0 9 21 0 16 NORMAL 0 1 35 0 20 COLOR 0 8 24 0 24 TEXCOORD 0 4 26 0 28
14BECB9A2BB63E85 1 AC148704B99D23C7 2 5 20 00300332 07060706 F 0 FFFF00 018C9CE6 00000000 00000000 | 32 0 0 0 0 0 0 0 0 0 0 0 0 0 0 0 | POSITION 0 0 2 0 0 BLENDINDICES 0 9 21 0 16 NORMAL 0 1 35 0 20 COLOR 0 8 24 0 24 TEXCOORD 0 4 26 0 28
FD6716562E93D7E1 1 B31152BF5F38482F 2 5 20 00300336 07060706 F 0 FFFF00 018C9CE6 00000000 00000000 | 32 0 0 0 0 0 0 0 0 0 0 0 0 0 0 0 | POSITION 0 0 2 0 0 BLENDINDICES 0 9 21 0 16 NORMAL 0 1 35 0 20 COLOR 0 8 24 0 24 TEXCOORD 0 4 26 0 28
328E57C6C81680DA 1 AC148704B99D23C7 2 5 20 00300332 07060706 F 0 FFFF00 2A53D3C4 00000000 00000000 | 44 0 0 0 0 0 0 0 0 0 0 0 0 0 0 0 | POSITION 0 0 2 0 0 BLENDWEIGHT 0 10 6 0 16 BLENDINDICES 0 9 21 0 28 NORMAL 0 1 35 0 32 COLOR 0 8 24 0 36 TEXCOORD 0 4 26 0 40
14BECB9A2BB63E85 1 AC148704B99D23C7 2 5 20 00300336 01060106 F 6 FFFF00 018C9CE6 00000000 00000000 | 32 0 0 0 0 0 0 0 0 0 0 0 0 0 0 0 | POSITION 0 0 2 0 0 BLENDINDICES 0 9 21 0 16 NORMAL 0 1 35 0 20 COLOR 0 8 24 0 24 TEXCOORD 0 4 26 0 28
14BECB9A2BB63E85 1 AC148704B99D23C7 2 5 20 00300336 01060106 F 2 FFFF00 018C9CE6 00000000 00000000 | 32 0 0 0 0 0 0 0 0 0 0 0 0 0 0 0 | POSITION 0 0 2 0 0 BLENDINDICES 0 9 21 0 16 NORMAL 0 1 35 0 20 COLOR 0 8 24 0 24 TEXCOORD 0 4 26 0 28
14BECB9A2BB63E85 1 AC148704B99D23C7 2 5 20 00300332 01060106 F 6 FFFF00 018C9CE6 00000000 00000000 | 32 0 0 0 0 0 0 0 0 0 0 0 0 0 0 0 | POSITION 0 0 2 0 0 BLENDINDICES 0 9 21 0 16 NORMAL 0 1 35 0 20 COLOR 0 8 24 0 24 TEXCOORD 0 4 26 0 28
14BECB9A2BB63E85 1 AC148704B99D23C7 2 5 20 00300332 01060106 F 2 FFFF00 018C9CE6 00000000 00000000 | 32 0 0 0 0 0 0 0 0 0 0 0 0 0 0 0 | POSITION 0 0 2 0 0 BLENDINDICES 0 9 21 0 16 NORMAL 0 1 35 0 20 COLOR 0 8 24 0 24 TEXCOORD 0 4 26 0 28
14BECB9A2BB63E85 1 AC148704B99D23C7 2 5 20 00300332 01060106 F 0 FFFF00 018C9CE6 00000000 00000000 | 32 0 0 0 0 0 0 0 0 0 0 0 0 0 0 0 | POSITION 0 0 2 0 0 BLENDINDICES 0 9 21 0 16 NORMAL 0 1 35 0 20 COLOR 0 8 24 0 24 TEXCOORD 0 4 26 0 28
E4F507D35EA84FFE 1 7784BDD041064E6E 2 5 20 00300332 01060106 F 0 FFFF00 000CCB2C 00000000 00000000 | 32 0 0 0 0 0 0 0 0 0 0 0 0 0 0 0 | POSITION 0 0 2 0 0 BLENDINDICES 0 9 21 0 16 NORMAL 0 1 35 0 20 COLOR 0 8 24 0 24
AE8703067D80E4EE 1 7784BDD041064E6E 2 5 20 00300332 01060106 F 0 FFFF00 000CCB2C 00000000 00000000 | 32 0 0 0 0 0 0 0 0 0 0 0 0 0 0 0 | POSITION 0 0 2 0 0 BLENDINDICES 0 9 21 0 16 NORMAL 0 1 35 0 20 COLOR 0 8 24 0 24
B849207CA9AB75FA 0 B18D538D1AEF0F0E 0 4 20 00300334 00010001 F 0 FFFF00 00000332 00000000 00000000 | 24 0 0 0 0 0 0 0 0 0 0 0 0 0 0 0 | POSITION 0 0 2 0 0 TEXCOORD 0 4 16 0 16
5CE85ADA10493940 0 4EA7868A02DF0DE3 2 4 20 00300334 07060706 F 0 FFFF00 0000002A 00000000 00000000 | 12 0 0 0 0 0 0 0 0 0 0 0 0 0 0 0 | POSITION 0 0 6 0 0
12A115B158FF12DD 0 8D2C749206DAA3D3 0 5 34 00300336 00010001 F 6 FFFF00 000125D6 00000000 00000000 | 32 0 0 0 0 0 0 0 0 0 0 0 0 0 0 0 | POSITION 0 0 2 0 0 BLENDWEIGHT 0 10 2 15 0 BLENDINDICES 0 9 21 0 16
12A115B158FF12DD 0 8D2C749206DAA3D3 0 5 34 00300336 00010001 F 6 FFFF00 00005D03 00000000 00000000 | 44 0 0 0 0 0 0 0 0 0 0 0 0 0 0 0 | POSITION 0 0 2 0 0 BLENDWEIGHT 0 10 6 0 16 BLENDINDICES 0 9 21 0 28
12A115B158FF12DD 0 8D2C749206DAA3D3 0 5 34 00300332 00010001 F 6 FFFF00 00005D03 00000000 00000000 | 44 0 0 0 0 0 0 0 0 0 0 0 0 0 0 0 | POSITION 0 0 2 0 0 BLENDWEIGHT 0 10 6 0 16 BLENDINDICES 0 9 21 0 28
B6E4786C184561F9 1 AC148704B99D23C7 2 5 20 00300336 07060706 F 6 FFFF00 018C9CE6 00000000 00000000 | 32 0 0 0 0 0 0 0 0 0 0 0 0 0 0 0 | POSITION 0 0 2 0 0 BLENDINDICES 0 9 21 0 16 NORMAL 0 1 35 0 20 COLOR 0 8 24 0 24 TEXCOORD 0 4 26 0 28
58347E62CDAA721E 1 4280079740ECA876 2 5 20 00300336 07060706 F 6 FFFF00 859ADEC5 00000000 00000000 | 32 0 0 0 0 0 0 0 0 0 0 0 0 0 0 0 | POSITION 0 0 2 0 0 BLENDWEIGHT 0 10 2 15 0 BLENDINDICES 0 9 21 0 16 NORMAL 0 1 35 0 20 COLOR 0 8 24 0 24 TEXCOORD 0 4 26 0 28
8E079AD07D46A3C2 1 00EB707B40E95696 2 5 20 00300336 07060706 F 6 FFFF00 859ADEC5 00000000 00000000 | 32 0 0 0 0 0 0 0 0 0 0 0 0 0 0 0 | POSITION 0 0 2 0 0 BLENDWEIGHT 0 10 2 15 0 BLENDINDICES 0 9 21 0 16 NORMAL 0 1 35 0 20 COLOR 0 8 24 0 24 TEXCOORD 0 4 26 0 28
C7961D7A4BEEDFCE 1 E12391C57D16A6EB 2 5 20 00300336 07060706 F 6 FFFF00 2A53D3C4 00000000 00000000 | 44 0 0 0 0 0 0 0 0 0 0 0 0 0 0 0 | POSITION 0 0 2 0 0 BLENDWEIGHT 0 10 6 0 16 BLENDINDICES 0 9 21 0 28 NORMAL 0 1 35 0 32 COLOR 0 8 24 0 36 TEXCOORD 0 4 26 0 40
8E079AD07D46A3C2 1 00EB707B40E95696 2 5 20 00300336 07060706 F 6 FFFF00 2A53D3C4 00000000 00000000 | 44 0 0 0 0 0 0 0 0 0 0 0 0 0 0 0 | POSITION 0 0 2 0 0 BLENDWEIGHT 0 10 6 0 16 BLENDINDICES 0 9 21 0 28 NORMAL 0 1 35 0 32 COLOR 0 8 24 0 36 TEXCOORD 0 4 26 0 40
C7961D7A4BEEDFCE 1 5419CCD7B98BFD8D 2 5 20 00300336 07060706 F 6 FFFF00 2A53D3C4 00000000 00000000 | 44 0 0 0 0 0 0 0 0 0 0 0 0 0 0 0 | POSITION 0 0 2 0 0 BLENDWEIGHT 0 10 6 0 16 BLENDINDICES 0 9 21 0 28 NORMAL 0 1 35 0 32 COLOR 0 8 24 0 36 TEXCOORD 0 4 26 0 40
C7961D7A4BEEDFCE 1 BBE3822DAFF61B4A 2 5 20 00300336 07060706 F 6 FFFF00 2A53D3C4 00000000 00000000 | 44 0 0 0 0 0 0 0 0 0 0 0 0 0 0 0 | POSITION 0 0 2 0 0 BLENDWEIGHT 0 10 6 0 16 BLENDINDICES 0 9 21 0 28 NORMAL 0 1 35 0 32 COLOR 0 8 24 0 36 TEXCOORD 0 4 26 0 40
C7961D7A4BEEDFCE 1 DE57AE3FF62F6E6A 2 5 20 00300336 07060706 F 6 FFFF00 2A53D3C4 00000000 00000000 | 44 0 0 0 0 0 0 0 0 0 0 0 0 0 0 0 | POSITION 0 0 2 0 0 BLENDWEIGHT 0 10 6 0 16 BLENDINDICES 0 9 21 0 28 NORMAL 0 1 35 0 32 COLOR 0 8 24 0 36 TEXCOORD 0 4 26 0 40
9225557549B11A56 1 045F90B1AA1136C6 2 5 20 00300336 07060706 F 6 FFFF00 2A53D3C4 00000000 00000000 | 44 0 0 0 0 0 0 0 0 0 0 0 0 0 0 0 | POSITION 0 0 2 0 0 BLENDWEIGHT 0 10 6 0 16 BLENDINDICES 0 9 21 0 28 NORMAL 0 1 35 0 32 COLOR 0 8 24 0 36 TEXCOORD 0 4 26 0 40
C7961D7A4BEEDFCE 1 BBE3822DAFF61B4A 2 5 20 00300336 07060706 F 0 FFFF00 2A53D3C4 00000000 00000000 | 44 0 0 0 0 0 0 0 0 0 0 0 0 0 0 0 | POSITION 0 0 2 0 0 BLENDWEIGHT 0 10 6 0 16 BLENDINDICES 0 9 21 0 28 NORMAL 0 1 35 0 32 COLOR 0 8 24 0 36 TEXCOORD 0 4 26 0 40
9C32632B628EDD92 1 9F8034E326734C41 2 5 20 00300336 07060706 F 6 FFFF00 859ADEC5 00000000 00000000 | 32 0 0 0 0 0 0 0 0 0 0 0 0 0 0 0 | POSITION 0 0 2 0 0 BLENDWEIGHT 0 10 2 15 0 BLENDINDICES 0 9 21 0 16 NORMAL 0 1 35 0 20 COLOR 0 8 24 0 24 TEXCOORD 0 4 26 0 28
0EAEBF0EE30CC717 1 4E98577E4D43FF1C 2 5 20 00300336 07060706 F 6 FFFF00 859ADEC5 00000000 00000000 | 32 0 0 0 0 0 0 0 0 0 0 0 0 0 0 0 | POSITION 0 0 2 0 0 BLENDWEIGHT 0 10 2 15 0 BLENDINDICES 0 9 21 0 16 NORMAL 0 1 35 0 20 COLOR 0 8 24 0 24 TEXCOORD 0 4 26 0 28
D41D55059D2DAE2A 1 9F8034E326734C41 2 5 20 00300336 07060706 F 6 FFFF00 018C9CE6 00000000 00000000 | 32 0 0 0 0 0 0 0 0 0 0 0 0 0 0 0 | POSITION 0 0 2 0 0 BLENDINDICES 0 9 21 0 16 NORMAL 0 1 35 0 20 COLOR 0 8 24 0 24 TEXCOORD 0 4 26 0 28
1647CD4DD327C99C 1 6D566AF8A7FED01B 2 5 20 00300336 07060706 F 6 FFFF00 018C9CE6 00000000 00000000 | 32 0 0 0 0 0 0 0 0 0 0 0 0 0 0 0 | POSITION 0 0 2 0 0 BLENDINDICES 0 9 21 0 16 NORMAL 0 1 35 0 20 COLOR 0 8 24 0 24 TEXCOORD 0 4 26 0 28
1647CD4DD327C99C 1 6D566AF8A7FED01B 2 5 20 00300336 07060706 F 2 FFFF00 018C9CE6 00000000 00000000 | 32 0 0 0 0 0 0 0 0 0 0 0 0 0 0 0 | POSITION 0 0 2 0 0 BLENDINDICES 0 9 21 0 16 NORMAL 0 1 35 0 20 COLOR 0 8 24 0 24 TEXCOORD 0 4 26 0 28
14BECB9A2BB63E85 1 BFADB809BAE55255 2 5 20 00300336 07060706 F 6 FFFF00 018C9CE6 00000000 00000000 | 32 0 0 0 0 0 0 0 0 0 0 0 0 0 0 0 | POSITION 0 0 2 0 0 BLENDINDICES 0 9 21 0 16 NORMAL 0 1 35 0 20 COLOR 0 8 24 0 24 TEXCOORD 0 4 26 0 28
78F1DA0DC6F64E24 1 DF1F230CE4198804 2 5 20 00300336 07060706 F 6 FFFF00 018C9CE6 00000000 00000000 | 32 0 0 0 0 0 0 0 0 0 0 0 0 0 0 0 | POSITION 0 0 2 0 0 BLENDINDICES 0 9 21 0 16 NORMAL 0 1 35 0 20 COLOR 0 8 24 0 24 TEXCOORD 0 4 26 0 28
D41D55059D2DAE2A 1 9F8034E326734C41 2 5 20 00300336 07060706 F 0 FFFF00 018C9CE6 00000000 00000000 | 32 0 0 0 0 0 0 0 0 0 0 0 0 0 0 0 | POSITION 0 0 2 0 0 BLENDINDICES 0 9 21 0 16 NORMAL 0 1 35 0 20 COLOR 0 8 24 0 24 TEXCOORD 0 4 26 0 28
FD6716562E93D7E1 1 B31152BF5F38482F 2 5 20 00300336 07060706 F 6 FFFF00 018C9CE6 00000000 00000000 | 32 0 0 0 0 0 0 0 0 0 0 0 0 0 0 0 | POSITION 0 0 2 0 0 BLENDINDICES 0 9 21 0 16 NORMAL 0 1 35 0 20 COLOR 0 8 24 0 24 TEXCOORD 0 4 26 0 28
D41D55059D2DAE2A 1 24B3E2C678D1064B 2 5 20 00300336 07060706 F 0 FFFF00 018C9CE6 00000000 00000000 | 32 0 0 0 0 0 0 0 0 0 0 0 0 0 0 0 | POSITION 0 0 2 0 0 BLENDINDICES 0 9 21 0 16 NORMAL 0 1 35 0 20 COLOR 0 8 24 0 24 TEXCOORD 0 4 26 0 28
D41D55059D2DAE2A 1 24B3E2C678D1064B 2 5 20 00300336 07060706 F 6 FFFF00 018C9CE6 00000000 00000000 | 32 0 0 0 0 0 0 0 0 0 0 0 0 0 0 0 | POSITION 0 0 2 0 0 BLENDINDICES 0 9 21 0 16 NORMAL 0 1 35 0 20 COLOR 0 8 24 0 24 TEXCOORD 0 4 26 0 28
865F9E838F50F808 1 4334E96F2C3F2A71 2 5 20 00300336 07060706 F 6 FFFF00 018C9CE6 00000000 00000000 | 32 0 0 0 0 0 0 0 0 0 0 0 0 0 0 0 | POSITION 0 0 2 0 0 BLENDINDICES 0 9 21 0 16 NORMAL 0 1 35 0 20 COLOR 0 8 24 0 24 TEXCOORD 0 4 26 0 28
9C32632B628EDD92 1 24B3E2C678D1064B 0 5 20 00300336 00010001 F 6 FFFF00 859ADEC5 00000000 00000000 | 32 0 0 0 0 0 0 0 0 0 0 0 0 0 0 0 | POSITION 0 0 2 0 0 BLENDWEIGHT 0 10 2 15 0 BLENDINDICES 0 9 21 0 16 NORMAL 0 1 35 0 20 COLOR 0 8 24 0 24 TEXCOORD 0 4 26 0 28
9C32632B628EDD92 1 9F8034E326734C41 0 5 20 00300336 00010001 F 6 FFFF00 859ADEC5 00000000 00000000 | 32 0 0 0 0 0 0 0 0 0 0 0 0 0 0 0 | POSITION 0 0 2 0 0 BLENDWEIGHT 0 10 2 15 0 BLENDINDICES 0 9 21 0 16 NORMAL 0 1 35 0 20 COLOR 0 8 24 0 24 TEXCOORD 0 4 26 0 28
328E57C6C81680DA 1 BFADB809BAE55255 2 5 20 00300336 07060706 F 6 FFFF00 859ADEC5 00000000 00000000 | 32 0 0 0 0 0 0 0 0 0 0 0 0 0 0 0 | POSITION 0 0 2 0 0 BLENDWEIGHT 0 10 2 15 0 BLENDINDICES 0 9 21 0 16 NORMAL 0 1 35 0 20 COLOR 0 8 24 0 24 TEXCOORD 0 4 26 0 28
14BECB9A2BB63E85 1 B456EC67B06BDEB3 2 5 20 00300330 07060706 F 6 FFFF00 018C9CE6 00000000 00000000 | 32 0 0 0 0 0 0 0 0 0 0 0 0 0 0 0 | POSITION 0 0 2 0 0 BLENDINDICES 0 9 21 0 16 NORMAL 0 1 35 0 20 COLOR 0 8 24 0 24 TEXCOORD 0 4 26 0 28
14BECB9A2BB63E85 1 AC148704B99D23C7 2 5 20 00300330 07060706 F 6 FFFF00 018C9CE6 00000000 00000000 | 32 0 0 0 0 0 0 0 0 0 0 0 0 0 0 0 | POSITION 0 0 2 0 0 BLENDINDICES 0 9 21 0 16 NORMAL 0 1 35 0 20 COLOR 0 8 24 0 24 TEXCOORD 0 4 26 0 28
8DBFABBABB6E9FA6 0 DDD1CB4D26CCF20A 0 4 20 00300330 07060706 F 0 FFFF00 00000652 00000000 00000000 | 20 0 0 0 0 0 0 0 0 0 0 0 0 0 0 0 | POSITION 0 0 6 0 0 TEXCOORD 0 4 16 0 12
5CE85ADA10493940 0 4EA7868A02DF0DE3 0 4 20 00300330 07060706 F 0 FFFF00 0000002A 00000000 00000000 | 12 0 0 0 0 0 0 0 0 0 0 0 0 0 0 0 | POSITION 0 0 6 0 0
8DBFABBABB6E9FA6 0 DDD1CB4D26CCF20A 2 4 20 00300330 07060706 F 0 FFFF00 00000652 00000000 00000000 | 20 0 0 0 0 0 0 0 0 0 0 0 0 0 0 0 | POSITION 0 0 6 0 0 TEXCOORD 0 4 16 0 12
B849207CA9AB75FA 0 06904034CA18C822 0 4 20 00300334 00010001 F 0 FFFF00 00000332 00000000 00000000 | 24 0 0 0 0 0 0 0 0 0 0 0 0 0 0 0 | POSITION 0 0 2 0 0 TEXCOORD 0 4 16 0 16
B849207CA9AB75FA 0 CAD17C0BAFD5F8B9 0 4 20 00300334 00010001 F 0 FFFF00 00000332 00000000 00000000 | 24 0 0 0 0 0 0 0 0 0 0 0 0 0 0 0 | POSITION 0 0 2 0 0 TEXCOORD 0 4 16 0 16
B849207CA9AB75FA 0 50BC562BBC812FEF 0 4 20 00300334 00010001 F 0 FFFF00 00000332 00000000 00000000 | 24 0 0 0 0 0 0 0 0 0 0 0 0 0 0 0 | POSITION 0 0 2 0 0 TEXCOORD 0 4 16 0 16
993BB91CA5CF0A96 0 DDD1CB4D26CCF20A 0 4 20 00300330 07060706 F 0 FFFF00 0000C550 00000000 00000000 | 36 0 0 0 0 0 0 0 0 0 0 0 0 0 0 0 | POSITION 0 0 6 0 0 TEXCOORD 0 4 16 0 12 COLOR 0 8 2 0 20
8DBFABBABB6E9FA6 0 DDD1CB4D26CCF20A 2 4 20 00300334 07060706 F 0 FFFF00 00000652 00000000 00000000 | 20 0 0 0 0 0 0 0 0 0 0 0 0 0 0 0 | POSITION 0 0 6 0 0 TEXCOORD 0 4 16 0 12
14BECB9A2BB63E85 1 B456EC67B06BDEB3 2 5 20 00300336 07060706 F 6 FFFF00 018C9CE6 00000000 00000000 | 32 0 0 0 0 0 0 0 0 0 0 0 0 0 0 0 | POSITION 0 0 2 0 0 BLENDINDICES 0 9 21 0 16 NORMAL 0 1 35 0 20 COLOR 0 8 24 0 24 TEXCOORD 0 4 26 0 28
14BECB9A2BB63E85 1 323E1E69D4DF4B8D 2 5 20 00300336 07060706 F 6 FFFF00 018C9CE6 00000000 00000000 | 32 0 0 0 0 0 0 0 0 0 0 0 0 0 0 0 | POSITION 0 0 2 0 0 BLENDINDICES 0 9 21 0 16 NORMAL 0 1 35 0 20 COLOR 0 8 24 0 24 TEXCOORD 0 4 26 0 28
58347E62CDAA721E 1 3ADC8FB394DF994F 2 5 20 00300336 07060706 F 6 FFFF00 859ADEC5 00000000 00000000 | 32 0 0 0 0 0 0 0 0 0 0 0 0 0 0 0 | POSITION 0 0 2 0 0 BLENDWEIGHT 0 10 2 15 0 BLENDINDICES 0 9 21 0 16 NORMAL 0 1 35 0 20 COLOR 0 8 24 0 24 TEXCOORD 0 4 26 0 28
8E079AD07D46A3C2 1 A62F3A12500A6FB7 2 5 20 00300336 07060706 F 6 FFFF00 859ADEC5 00000000 00000000 | 32 0 0 0 0 0 0 0 0 0 0 0 0 0 0 0 | POSITION 0 0 2 0 0 BLENDWEIGHT 0 10 2 15 0 BLENDINDICES 0 9 21 0 16 NORMAL 0 1 35 0 20 COLOR 0 8 24 0 24 TEXCOORD 0 4 26 0 28
C7961D7A4BEEDFCE 1 C2DD3DBAB4168AEB 2 5 20 00300336 07060706 F 6 FFFF00 2A53D3C4 00000000 00000000 | 44 0 0 0 0 0 0 0 0 0 0 0 0 0 0 0 | POSITION 0 0 2 0 0 BLENDWEIGHT 0 10 6 0 16 BLENDINDICES 0 9 21 0 28 NORMAL 0 1 35 0 32 COLOR 0 8 24 0 36 TEXCOORD 0 4 26 0 40
8E079AD07D46A3C2 1 A62F3A12500A6FB7 2 5 20 00300336 07060706 F 6 FFFF00 2A53D3C4 00000000 00000000 | 44 0 0 0 0 0 0 0 0 0 0 0 0 0 0 0 | POSITION 0 0 2 0 0 BLENDWEIGHT 0 10 6 0 16 BLENDINDICES 0 9 21 0 28 NORMAL 0 1 35 0 32 COLOR 0 8 24 0 36 TEXCOORD 0 4 26 0 40
C7961D7A4BEEDFCE 1 A62F3A12500A6FB7 2 5 20 00300336 07060706 F 0 FFFF00 2A53D3C4 00000000 00000000 | 44 0 0 0 0 0 0 0 0 0 0 0 0 0 0 0 | POSITION 0 0 2 0 0 BLENDWEIGHT 0 10 6 0 16 BLENDINDICES 0 9 21 0 28 NORMAL 0 1 35 0 32 COLOR 0 8 24 0 36 TEXCOORD 0 4 26 0 40
C7961D7A4BEEDFCE 1 2B05EC0583F47C1B 2 5 20 00300336 07060706 F 6 FFFF00 2A53D3C4 00000000 00000000 | 44 0 0 0 0 0 0 0 0 0 0 0 0 0 0 0 | POSITION 0 0 2 0 0 BLENDWEIGHT 0 10 6 0 16 BLENDINDICES 0 9 21 0 28 NORMAL 0 1 35 0 32 COLOR 0 8 24 0 36 TEXCOORD 0 4 26 0 40
C7961D7A4BEEDFCE 1 868B96EA1F52A474 2 5 20 00300336 07060706 F 6 FFFF00 2A53D3C4 00000000 00000000 | 44 0 0 0 0 0 0 0 0 0 0 0 0 0 0 0 | POSITION 0 0 2 0 0 BLENDWEIGHT 0 10 6 0 16 BLENDINDICES 0 9 21 0 28 NORMAL 0 1 35 0 32 COLOR 0 8 24 0 36 TEXCOORD 0 4 26 0 40
B849207CA9AB75FA 0 ED45B17D461B7EBE 0 4 20 00300330 00010001 F 0 FFFF00 00000332 00000000 00000000 | 24 0 0 0 0 0 0 0 0 0 0 0 0 0 0 0 | POSITION 0 0 2 0 0 TEXCOORD 0 4 16 0 16
FDFC562BA4B8C07E 0 4EA7868A02DF0DE3 0 4 20 00300330 07060706 F 0 FFFF00 000005F0 00000000 00000000 | 28 0 0 0 0 0 0 0 0 0 0 0 0 0 0 0 | POSITION 0 0 6 0 0 COLOR 0 8 2 0 12
8DBFABBABB6E9FA6 0 762F0607844EAF72 2 4 20 00300330 07060706 F 0 FFFF00 00000652 00000000 00000000 | 20 0 0 0 0 0 0 0 0 0 0 0 0 0 0 0 | POSITION 0 0 6 0 0 TEXCOORD 0 4 16 0 12
8DBFABBABB6E9FA6 0 DDD1CB4D26CCF20A 0 4 20 00300330 01060106 F 0 FFFF00 00000652 00000000 00000000 | 20 0 0 0 0 0 0 0 0 0 0 0 0 0 0 0 | POSITION 0 0 6 0 0 TEXCOORD 0 4 16 0 12
8E079AD07D46A3C2 1 EDD358CB3707D31B 2 5 20 00300336 07060706 F 6 FFFF00 859ADEC5 00000000 00000000 | 32 0 0 0 0 0 0 0 0 0 0 0 0 0 0 0 | POSITION 0 0 2 0 0 BLENDWEIGHT 0 10 2 15 0 BLENDINDICES 0 9 21 0 16 NORMAL 0 1 35 0 20 COLOR 0 8 24 0 24 TEXCOORD 0 4 26 0 28
C7961D7A4BEEDFCE 1 0C63EB5A100BD609 2 5 20 00300336 07060706 F 0 FFFF00 2A53D3C4 00000000 00000000 | 44 0 0 0 0 0 0 0 0 0 0 0 0 0 0 0 | POSITION 0 0 2 0 0 BLENDWEIGHT 0 10 6 0 16 BLENDINDICES 0 9 21 0 28 NORMAL 0 1 35 0 32 COLOR 0 8 24 0 36 TEXCOORD 0 4 26 0 40
8E079AD07D46A3C2 1 EDD358CB3707D31B 2 5 20 00300336 07060706 F 0 FFFF00 2A53D3C4 00000000 00000000 | 44 0 0 0 0 0 0 0 0 0 0 0 0 0 0 0 | POSITION 0 0 2 0 0 BLENDWEIGHT 0 10 6 0 16 BLENDINDICES 0 9 21 0 28 NORMAL 0 1 35 0 32 COLOR 0 8 24 0 36 TEXCOORD 0 4 26 0 40
C7961D7A4BEEDFCE 1 0C63EB5A100BD609 2 5 20 00300336 07060706 F 6 FFFF00 2A53D3C4 00000000 00000000 | 44 0 0 0 0 0 0 0 0 0 0 0 0 0 0 0 | POSITION 0 0 2 0 0 BLENDWEIGHT 0 10 6 0 16 BLENDINDICES 0 9 21 0 28 NORMAL 0 1 35 0 32 COLOR 0 8 24 0 36 TEXCOORD 0 4 26 0 40
C7961D7A4BEEDFCE 1 0C63EB5A100BD609 2 5 20 00300336 07060706 F 6 FFFF00 859ADEC5 00000000 00000000 | 32 0 0 0 0 0 0 0 0 0 0 0 0 0 0 0 | POSITION 0 0 2 0 0 BLENDWEIGHT 0 10 2 15 0 BLENDINDICES 0 9 21 0 16 NORMAL 0 1 35 0 20 COLOR 0 8 24 0 24 TEXCOORD 0 4 26 0 28
84113F23DF3A0A2E 1 34A9AAA10C25233D 2 5 20 00300336 07060706 F 6 FFFF00 859ADEC5 00000000 00000000 | 32 0 0 0 0 0 0 0 0 0 0 0 0 0 0 0 | POSITION 0 0 2 0 0 BLENDWEIGHT 0 10 2 15 0 BLENDINDICES 0 9 21 0 16 NORMAL 0 1 35 0 20 COLOR 0 8 24 0 24 TEXCOORD 0 4 26 0 28
73876B841086853D 1 73E1CFA49DBFBCD5 2 5 20 00300336 07060706 F 6 FFFF00 859ADEC5 00000000 00000000 | 32 0 0 0 0 0 0 0 0 0 0 0 0 0 0 0 | POSITION 0 0 2 0 0 BLENDWEIGHT 0 10 2 15 0 BLENDINDICES 0 9 21 0 16 NORMAL 0 1 35 0 20 COLOR 0 8 24 0 24 TEXCOORD 0 4 26 0 28
8624316C859B69B8 1 8272D82FF4B017A1 2 5 20 00300336 07060706 F 6 FFFF00 018C9CE6 00000000 00000000 | 32 0 0 0 0 0 0 0 0 0 0 0 0 0 0 0 | POSITION 0 0 2 0 0 BLENDINDICES 0 9 21 0 16 NORMAL 0 1 35 0 20 COLOR 0 8 24 0 24 TEXCOORD 0 4 26 0 28
831B989074BDDDF7 1 CE12B3DEF897090C 2 5 20 00300336 07060706 F 6 FFFF00 018C9CE6 00000000 00000000 | 32 0 0 0 0 0 0 0 0 0 0 0 0 0 0 0 | POSITION 0 0 2 0 0 BLENDINDICES 0 9 21 0 16 NORMAL 0 1 35 0 20 COLOR 0 8 24 0 24 TEXCOORD 0 4 26 0 28
831B989074BDDDF7 1 EAEF7D64F10FCCDD 2 5 20 00300336 07060706 F 6 FFFF00 018C9CE6 00000000 00000000 | 32 0 0 0 0 0 0 0 0 0 0 0 0 0 0 0 | POSITION 0 0 2 0 0 BLENDINDICES 0 9 21 0 16 NORMAL 0 1 35 0 20 COLOR 0 8 24 0 24 TEXCOORD 0 4 26 0 28
831B989074BDDDF7 1 EAEF7D64F10FCCDD 2 5 20 00300336 07060706 F 0 FFFF00 018C9CE6 00000000 00000000 | 32 0 0 0 0 0 0 0 0 0 0 0 0 0 0 0 | POSITION 0 0 2 0 0 BLENDINDICES 0 9 21 0 16 NORMAL 0 1 35 0 20 COLOR 0 8 24 0 24 TEXCOORD 0 4 26 0 28
B86E5C6AB7B41080 1 152D6875EBFAC866 2 5 20 00300336 07060706 F 6 FFFF00 018C9CE6 00000000 00000000 | 32 0 0 0 0 0 0 0 0 0 0 0 0 0 0 0 | POSITION 0 0 2 0 0 BLENDINDICES 0 9 21 0 16 NORMAL 0 1 35 0 20 COLOR 0 8 24 0 24 TEXCOORD 0 4 26 0 28
B86E5C6AB7B41080 1 152D6875EBFAC866 2 5 20 00300336 07060706 F 2 FFFF00 018C9CE6 00000000 00000000 | 32 0 0 0 0 0 0 0 0 0 0 0 0 0 0 0 | POSITION 0 0 2 0 0 BLENDINDICES 0 9 21 0 16 NORMAL 0 1 35 0 20 COLOR 0 8 24 0 24 TEXCOORD 0 4 26 0 28
831B989074BDDDF7 1 EAEF7D64F10FCCDD 2 5 20 00300336 07060706 F 2 FFFF00 018C9CE6 00000000 00000000 | 32 0 0 0 0 0 0 0 0 0 0 0 0 0 0 0 | POSITION 0 0 2 0 0 BLENDINDICES 0 9 21 0 16 NORMAL 0 1 35 0 20 COLOR 0 8 24 0 24 TEXCOORD 0 4 26 0 28
831B989074BDDDF7 1 EDD69134F7FA05B0 2 5 20 00300336 07060706 F 2 FFFF00 018C9CE6 00000000 00000000 | 32 0 0 0 0 0 0 0 0 0 0 0 0 0 0 0 | POSITION 0 0 2 0 0 BLENDINDICES 0 9 21 0 16 NORMAL 0 1 35 0 20 COLOR 0 8 24 0 24 TEXCOORD 0 4 26 0 28
A9A1BF532F59C2FC 1 EAEF7D64F10FCCDD 2 5 20 00300336 07060706 F 6 FFFF00 018C9CE6 00000000 00000000 | 32 0 0 0 0 0 0 0 0 0 0 0 0 0 0 0 | POSITION 0 0 2 0 0 BLENDINDICES 0 9 21 0 16 NORMAL 0 1 35 0 20 COLOR 0 8 24 0 24 TEXCOORD 0 4 26 0 28
8624316C859B69B8 1 79DD092EDBE8C23C 2 5 20 00300336 07060706 F 0 FFFF00 018C9CE6 00000000 00000000 | 32 0 0 0 0 0 0 0 0 0 0 0 0 0 0 0 | POSITION 0 0 2 0 0 BLENDINDICES 0 9 21 0 16 NORMAL 0 1 35 0 20 COLOR 0 8 24 0 24 TEXCOORD 0 4 26 0 28
8624316C859B69B8 1 34A9AAA10C25233D 2 5 20 00300336 07060706 F 6 FFFF00 018C9CE6 00000000 00000000 | 32 0 0 0 0 0 0 0 0 0 0 0 0 0 0 0 | POSITION 0 0 2 0 0 BLENDINDICES 0 9 21 0 16 NORMAL 0 1 35 0 20 COLOR 0 8 24 0 24 TEXCOORD 0 4 26 0 28
04879CB2E7413956 1 94A69BAE83D90DB7 2 5 20 00300336 07060706 F 6 FFFF00 018C9CE6 00000000 00000000 | 32 0 0 0 0 0 0 0 0 0 0 0 0 0 0 0 | POSITION 0 0 2 0 0 BLENDINDICES 0 9 21 0 16 NORMAL 0 1 35 0 20 COLOR 0 8 24 0 24 TEXCOORD 0 4 26 0 28
8624316C859B69B8 1 79DD092EDBE8C23C 2 5 20 00300336 07060706 F 6 FFFF00 018C9CE6 00000000 00000000 | 32 0 0 0 0 0 0 0 0 0 0 0 0 0 0 0 | POSITION 0 0 2 0 0 BLENDINDICES 0 9 21 0 16 NORMAL 0 1 35 0 20 COLOR 0 8 24 0 24 TEXCOORD 0 4 26 0 28
721CF1399D0D5B68 1 45E335E4DC77702C 2 5 20 00300336 07060706 F 6 FFFF00 018C9CE6 00000000 00000000 | 32 0 0 0 0 0 0 0 0 0 0 0 0 0 0 0 | POSITION 0 0 2 0 0 BLENDINDICES 0 9 21 0 16 NORMAL 0 1 35 0 20 COLOR 0 8 24 0 24 TEXCOORD 0 4 26 0 28
E3E17712C5E23069 1 1C1FF0673021AA01 2 5 20 00300336 07060706 F 6 FFFF00 018C9CE6 00000000 00000000 | 32 0 0 0 0 0 0 0 0 0 0 0 0 0 0 0 | POSITION 0 0 2 0 0 BLENDINDICES 0 9 21 0 16 NORMAL 0 1 35 0 20 COLOR 0 8 24 0 24 TEXCOORD 0 4 26 0 28
14BECB9A2BB63E85 1 D1B1D8716906A446 2 5 20 00300336 07060706 F 6 FFFF00 018C9CE6 00000000 00000000 | 32 0 0 0 0 0 0 0 0 0 0 0 0 0 0 0 | POSITION 0 0 2 0 0 BLENDINDICES 0 9 21 0 16 NORMAL 0 1 35 0 20 COLOR 0 8 24 0 24 TEXCOORD 0 4 26 0 28
831B989074BDDDF7 1 EAEF7D64F10FCCDD 2 5 20 00300335 01860186 F 6 FFFF00 018C9CE6 00000000 00000000 | 32 0 0 0 0 0 0 0 0 0 0 0 0 0 0 0 | POSITION 0 0 2 0 0 BLENDINDICES 0 9 21 0 16 NORMAL 0 1 35 0 20 COLOR 0 8 24 0 24 TEXCOORD 0 4 26 0 28
9C8430C91E0C09E6 1 45E335E4DC77702C 2 5 20 00300336 07060706 F 6 FFFF00 859ADEC5 00000000 00000000 | 32 0 0 0 0 0 0 0 0 0 0 0 0 0 0 0 | POSITION 0 0 2 0 0 BLENDWEIGHT 0 10 2 15 0 BLENDINDICES 0 9 21 0 16 NORMAL 0 1 35 0 20 COLOR 0 8 24 0 24 TEXCOORD 0 4 26 0 28
84113F23DF3A0A2E 1 79DD092EDBE8C23C 2 5 20 00300336 07060706 F 0 FFFF00 859ADEC5 00000000 00000000 | 32 0 0 0 0 0 0 0 0 0 0 0 0 0 0 0 | POSITION 0 0 2 0 0 BLENDWEIGHT 0 10 2 15 0 BLENDINDICES 0 9 21 0 16 NORMAL 0 1 35 0 20 COLOR 0 8 24 0 24 TEXCOORD 0 4 26 0 28
84113F23DF3A0A2E 1 79DD092EDBE8C23C 2 5 20 00300336 07060706 F 6 FFFF00 859ADEC5 00000000 00000000 | 32 0 0 0 0 0 0 0 0 0 0 0 0 0 0 0 | POSITION 0 0 2 0 0 BLENDWEIGHT 0 10 2 15 0 BLENDINDICES 0 9 21 0 16 NORMAL 0 1 35 0 20 COLOR 0 8 24 0 24 TEXCOORD 0 4 26 0 28
84113F23DF3A0A2E 1 9BA36B960FD2748F 2 5 20 00300336 07060706 F 6 FFFF00 859ADEC5 00000000 00000000 | 32 0 0 0 0 0 0 0 0 0 0 0 0 0 0 0 | POSITION 0 0 2 0 0 BLENDWEIGHT 0 10 2 15 0 BLENDINDICES 0 9 21 0 16 NORMAL 0 1 35 0 20 COLOR 0 8 24 0 24 TEXCOORD 0 4 26 0 28
73876B841086853D 1 94A69BAE83D90DB7 2 5 20 00300336 07060706 F 6 FFFF00 859ADEC5 00000000 00000000 | 32 0 0 0 0 0 0 0 0 0 0 0 0 0 0 0 | POSITION 0 0 2 0 0 BLENDWEIGHT 0 10 2 15 0 BLENDINDICES 0 9 21 0 16 NORMAL 0 1 35 0 20 COLOR 0 8 24 0 24 TEXCOORD 0 4 26 0 28
0EAEBF0EE30CC717 1 343DE1E38D573034 2 5 20 00300336 07060706 F 6 FFFF00 859ADEC5 00000000 00000000 | 32 0 0 0 0 0 0 0 0 0 0 0 0 0 0 0 | POSITION 0 0 2 0 0 BLENDWEIGHT 0 10 2 15 0 BLENDINDICES 0 9 21 0 16 NORMAL 0 1 35 0 20 COLOR 0 8 24 0 24 TEXCOORD 0 4 26 0 28
831B989074BDDDF7 1 0E0757B5027FC632 2 5 20 00300336 07060706 F 0 FFFF00 018C9CE6 00000000 00000000 | 32 0 0 0 0 0 0 0 0 0 0 0 0 0 0 0 | POSITION 0 0 2 0 0 BLENDINDICES 0 9 21 0 16 NORMAL 0 1 35 0 20 COLOR 0 8 24 0 24 TEXCOORD 0 4 26 0 28
831B989074BDDDF7 1 EDD69134F7FA05B0 2 5 20 00300336 07060706 F 0 FFFF00 018C9CE6 00000000 00000000 | 32 0 0 0 0 0 0 0 0 0 0 0 0 0 0 0 | POSITION 0 0 2 0 0 BLENDINDICES 0 9 21 0 16 NORMAL 0 1 35 0 20 COLOR 0 8 24 0 24 TEXCOORD 0 4 26 0 28
8624316C859B69B8 1 8272D82FF4B017A1 2 5 20 00300332 07060706 F 6 FFFF00 018C9CE6 00000000 00000000 | 32 0 0 0 0 0 0 0 0 0 0 0 0 0 0 0 | POSITION 0 0 2 0 0 BLENDINDICES 0 9 21 0 16 NORMAL 0 1 35 0 20 COLOR 0 8 24 0 24 TEXCOORD 0 4 26 0 28
831B989074BDDDF7 1 EAEF7D64F10FCCDD 2 5 20 00300332 07060706 F 6 FFFF00 018C9CE6 00000000 00000000 | 32 0 0 0 0 0 0 0 0 0 0 0 0 0 0 0 | POSITION 0 0 2 0 0 BLENDINDICES 0 9 21 0 16 NORMAL 0 1 35 0 20 COLOR 0 8 24 0 24 TEXCOORD 0 4 26 0 28
E3E17712C5E23069 1 1C1FF0673021AA01 2 5 20 00300336 07060706 F 0 FFFF00 018C9CE6 00000000 00000000 | 32 0 0 0 0 0 0 0 0 0 0 0 0 0 0 0 | POSITION 0 0 2 0 0 BLENDINDICES 0 9 21 0 16 NORMAL 0 1 35 0 20 COLOR 0 8 24 0 24 TEXCOORD 0 4 26 0 28
E3E17712C5E23069 1 1C1FF0673021AA01 2 5 20 00300332 07060706 F 6 FFFF00 018C9CE6 00000000 00000000 | 32 0 0 0 0 0 0 0 0 0 0 0 0 0 0 0 | POSITION 0 0 2 0 0 BLENDINDICES 0 9 21 0 16 NORMAL 0 1 35 0 20 COLOR 0 8 24 0 24 TEXCOORD 0 4 26 0 28
831B989074BDDDF7 1 EAEF7D64F10FCCDD 2 5 20 00300332 07060706 F 0 FFFF00 018C9CE6 00000000 00000000 | 32 0 0 0 0 0 0 0 0 0 0 0 0 0 0 0 | POSITION 0 0 2 0 0 BLENDINDICES 0 9 21 0 16 NORMAL 0 1 35 0 20 COLOR 0 8 24 0 24 TEXCOORD 0 4 26 0 28
831B989074BDDDF7 1 EAEF7D64F10FCCDD 2 5 20 00300336 01060106 F 6 FFFF00 018C9CE6 00000000 00000000 | 32 0 0 0 0 0 0 0 0 0 0 0 0 0 0 0 | POSITION 0 0 2 0 0 BLENDINDICES 0 9 21 0 16 NORMAL 0 1 35 0 20 COLOR 0 8 24 0 24 TEXCOORD 0 4 26 0 28
831B989074BDDDF7 1 EAEF7D64F10FCCDD 2 5 20 00300336 01060106 F 2 FFFF00 018C9CE6 00000000 00000000 | 32 0 0 0 0 0 0 0 0 0 0 0 0 0 0 0 | POSITION 0 0 2 0 0 BLENDINDICES 0 9 21 0 16 NORMAL 0 1 35 0 20 COLOR 0 8 24 0 24 TEXCOORD 0 4 26 0 28
831B989074BDDDF7 1 EAEF7D64F10FCCDD 2 5 20 00300332 01060106 F 2 FFFF00 018C9CE6 00000000 00000000 | 32 0 0 0 0 0 0 0 0 0 0 0 0 0 0 0 | POSITION 0 0 2 0 0 BLENDINDICES 0 9 21 0 16 NORMAL 0 1 35 0 20 COLOR 0 8 24 0 24 TEXCOORD 0 4 26 0 28
831B989074BDDDF7 1 EAEF7D64F10FCCDD 2 5 20 00300332 01060106 F 6 FFFF00 018C9CE6 00000000 00000000 | 32 0 0 0 0 0 0 0 0 0 0 0 0 0 0 0 | POSITION 0 0 2 0 0 BLENDINDICES 0 9 21 0 16 NORMAL 0 1 35 0 20 COLOR 0 8 24 0 24 TEXCOORD 0 4 26 0 28
D0AAD987E0862DB5 1 8E539A1F1308B1F2 2 5 20 00300332 01060106 F 0 FFFF00 018C9CE6 00000000 00000000 | 32 0 0 0 0 0 0 0 0 0 0 0 0 0 0 0 | POSITION 0 0 2 0 0 BLENDINDICES 0 9 21 0 16 NORMAL 0 1 35 0 20 COLOR 0 8 24 0 24 TEXCOORD 0 4 26 0 28
831B989074BDDDF7 1 EAEF7D64F10FCCDD 2 5 20 00300332 01060106 F 0 FFFF00 018C9CE6 00000000 00000000 | 32 0 0 0 0 0 0 0 0 0 0 0 0 0 0 0 | POSITION 0 0 2 0 0 BLENDINDICES 0 9 21 0 16 NORMAL 0 1 35 0 20 COLOR 0 8 24 0 24 TEXCOORD 0 4 26 0 28
E4F507D35EA84FFE 1 5442883182AF40B2 2 5 20 00300332 01060106 F 0 FFFF00 000CCB2C 00000000 00000000 | 32 0 0 0 0 0 0 0 0 0 0 0 0 0 0 0 | POSITION 0 0 2 0 0 BLENDINDICES 0 9 21 0 16 NORMAL 0 1 35 0 20 COLOR 0 8 24 0 24
8DBFABBABB6E9FA6 0 DDD1CB4D26CCF20A 2 4 20 00300332 01060106 F 0 FFFF00 00000652 00000000 00000000 | 20 0 0 0 0 0 0 0 0 0 0 0 0 0 0 0 | POSITION 0 0 6 0 0 TEXCOORD 0 4 16 0 12
8DBFABBABB6E9FA6 0 DDD1CB4D26CCF20A 2 4 20 00300330 01060106 F 0 FFFF00 00000652 00000000 00000000 | 20 0 0 0 0 0 0 0 0 0 0 0 0 0 0 0 | POSITION 0 0 6 0 0 TEXCOORD 0 4 16 0 12
5CE85ADA10493940 0 4EA7868A02DF0DE3 2 4 20 00300330 07060706 F 0 FFFF00 0000002A 00000000 00000000 | 12 0 0 0 0 0 0 0 0 0 0 0 0 0 0 0 | POSITION 0 0 6 0 0
B849207CA9AB75FA 0 736A79016409B01F 0 4 20 00300334 00010001 F 0 FFFF00 00000332 00000000 00000000 | 24 0 0 0 0 0 0 0 0 0 0 0 0 0 0 0 | POSITION 0 0 2 0 0 TEXCOORD 0 4 16 0 16
B849207CA9AB75FA 0 F8BFAAB884193087 0 4 20 00300334 00010001 F 0 FFFF00 00000332 00000000 00000000 | 24 0 0 0 0 0 0 0 0 0 0 0 0 0 0 0 | POSITION 0 0 2 0 0 TEXCOORD 0 4 16 0 16
B849207CA9AB75FA 0 3159DD0C10DD59C9 0 4 20 00300334 00010001 F 0 FFFF00 00000332 00000000 00000000 | 24 0 0 0 0 0 0 0 0 0 0 0 0 0 0 0 | POSITION 0 0 2 0 0 TEXCOORD 0 4 16 0 16
B849207CA9AB75FA 0 B8DE3EF1DA671BB5 0 4 20 00300334 00010001 F 0 FFFF00 00000332 00000000 00000000 | 24 0 0 0 0 0 0 0 0 0 0 0 0 0 0 0 | POSITION 0 0 2 0 0 TEXCOORD 0 4 16 0 16
B849207CA9AB75FA 0 E13F845CB84697F6 0 4 20 00300334 00010001 F 0 FFFF00 00000332 00000000 00000000 | 24 0 0 0 0 0 0 0 0 0 0 0 0 0 0 0 | POSITION 0 0 2 0 0 TEXCOORD 0 4 16 0 16
057A7BE4363947F3 0 0453938143B9E82F 0 5 20 00300336 00010001 F 6 FFFF00 0000BE9B 00000000 00000000 | 28 0 0 0 0 0 0 0 0 0 0 0 0 0 0 0 | POSITION 0 0 6 0 0 NORMAL 0 1 7 0 12 TEXCOORD 0 4 26 0 24
A55D4C97CCCD34E5 0 320FD17144E0CADD 0 5 20 00300336 00010001 F 6 FFFF00 0000BE9B 00000000 00000000 | 28 0 0 0 0 0 0 0 0 0 0 0 0 0 0 0 | POSITION 0 0 6 0 0 NORMAL 0 1 7 0 12 TEXCOORD 0 4 26 0 24
331A7FD11F8BA193 0 FE42CF5DF5918356 2 5 20 00300336 07060706 F 6 FFFF00 00000698 00000000 00000000 | 16 0 0 0 0 0 0 0 0 0 0 0 0 0 0 0 | POSITION 0 0 6 0 0 TEXCOORD 0 4 26 0 12
0A84149DF47BECF3 0 54003E8A87694F93 0 5 20 00300332 01060106 F 0 FFFF00 0018CD93 00000000 00000000 | 40 0 0 0 0 0 0 0 0 0 0 0 0 0 0 0 | POSITION 0 0 6 0 0 COLOR 0 8 24 0 12 TEXCOORD 0 4 16 0 24 TEXCOORD 1 5 16 0 32
4990C0351330C78B 1 C1ECB901C3DF205F 2 5 20 00300336 00010001 F 6 FFFF00 2A53D3C4 00000000 00000000 | 44 0 0 0 0 0 0 0 0 0 0 0 0 0 0 0 | POSITION 0 0 2 0 0 BLENDWEIGHT 0 10 6 0 16 BLENDINDICES 0 9 21 0 28 NORMAL 0 1 35 0 32 COLOR 0 8 24 0 36 TEXCOORD 0 4 26 0 40
2C1E1DE07C53835A 1 0453938143B9E82F 0 5 20 00300336 00010001 F 6 FFFF00 2A53D3C4 00000000 00000000 | 44 0 0 0 0 0 0 0 0 0 0 0 0 0 0 0 | POSITION 0 0 2 0 0 BLENDWEIGHT 0 10 6 0 16 BLENDINDICES 0 9 21 0 28 NORMAL 0 1 35 0 32 COLOR 0 8 24 0 36 TEXCOORD 0 4 26 0 40
04879CB2E7413956 1 73E1CFA49DBFBCD5 2 5 20 00300336 07060706 F 6 FFFF00 018C9CE6 00000000 00000000 | 32 0 0 0 0 0 0 0 0 0 0 0 0 0 0 0 | POSITION 0 0 2 0 0 BLENDINDICES 0 9 21 0 16 NORMAL 0 1 35 0 20 COLOR 0 8 24 0 24 TEXCOORD 0 4 26 0 28
8624316C859B69B8 1 34A9AAA10C25233D 2 5 20 00300336 07060706 F 0 FFFF00 018C9CE6 00000000 00000000 | 32 0 0 0 0 0 0 0 0 0 0 0 0 0 0 0 | POSITION 0 0 2 0 0 BLENDINDICES 0 9 21 0 16 NORMAL 0 1 35 0 20 COLOR 0 8 24 0 24 TEXCOORD 0 4 26 0 28
8E079AD07D46A3C2 1 EDD358CB3707D31B 2 5 20 00300336 07060706 F 6 FFFF00 2A53D3C4 00000000 00000000 | 44 0 0 0 0 0 0 0 0 0 0 0 0 0 0 0 | POSITION 0 0 2 0 0 BLENDWEIGHT 0 10 6 0 16 BLENDINDICES 0 9 21 0 28 NORMAL 0 1 35 0 32 COLOR 0 8 24 0 36 TEXCOORD 0 4 26 0 40
C7961D7A4BEEDFCE 1 F682A42359D39819 2 5 20 00300336 07060706 F 6 FFFF00 2A53D3C4 00000000 00000000 | 44 0 0 0 0 0 0 0 0 0 0 0 0 0 0 0 | POSITION 0 0 2 0 0 BLENDWEIGHT 0 10 6 0 16 BLENDINDICES 0 9 21 0 28 NORMAL 0 1 35 0 32 COLOR 0 8 24 0 36 TEXCOORD 0 4 26 0 40
D41D55059D2DAE2A 1 916B6CA7DC935741 2 5 20 00300336 07060706 F 6 FFFF00 018C9CE6 00000000 00000000 | 32 0 0 0 0 0 0 0 0 0 0 0 0 0 0 0 | POSITION 0 0 2 0 0 BLENDINDICES 0 9 21 0 16 NORMAL 0 1 35 0 20 COLOR 0 8 24 0 24 TEXCOORD 0 4 26 0 28
78F1DA0DC6F64E24 1 4E98577E4D43FF1C 2 5 20 00300336 07060706 F 6 FFFF00 018C9CE6 00000000 00000000 | 32 0 0 0 0 0 0 0 0 0 0 0 0 0 0 0 | POSITION 0 0 2 0 0 BLENDINDICES 0 9 21 0 16 NORMAL 0 1 35 0 20 COLOR 0 8 24 0 24 TEXCOORD 0 4 26 0 28
5C65A0AF97EB0C8A 0 7AD22BBDF831C82E 0 5 20 00300336 00010001 F 6 FFFF00 0000BE9B 00000000 00000000 | 28 0 0 0 0 0 0 0 0 0 0 0 0 0 0 0 | POSITION 0 0 6 0 0 NORMAL 0 1 7 0 12 TEXCOORD 0 4 26 0 24
4DA725B923F616C4 1 7AD22BBDF831C82E 0 5 20 00300336 00010001 F 6 FFFF00 2A53D3C4 00000000 00000000 | 44 0 0 0 0 0 0 0 0 0 0 0 0 0 0 0 | POSITION 0 0 2 0 0 BLENDWEIGHT 0 10 6 0 16 BLENDINDICES 0 9 21 0 28 NORMAL 0 1 35 0 32 COLOR 0 8 24 0 36 TEXCOORD 0 4 26 0 40
CCF19697E52D1CD0 0 C1ECB901C3DF205F 0 5 20 00300336 00010001 F 6 FFFF00 0000BE9B 00000000 00000000 | 28 0 0 0 0 0 0 0 0 0 0 0 0 0 0 0 | POSITION 0 0 6 0 0 NORMAL 0 1 7 0 12 TEXCOORD 0 4 26 0 24
FD6716562E93D7E1 1 B31152BF5F38482F 2 5 20 00300332 07060706 F 6 FFFF00 018C9CE6 00000000 00000000 | 32 0 0 0 0 0 0 0 0 0 0 0 0 0 0 0 | POSITION 0 0 2 0 0 BLENDINDICES 0 9 21 0 16 NORMAL 0 1 35 0 20 COLOR 0 8 24 0 24 TEXCOORD 0 4 26 0 28
4990C0351330C78B 1 C1ECB901C3DF205F 2 5 20 00300336 07060706 F 6 FFFF00 2A53D3C4 00000000 00000000 | 44 0 0 0 0 0 0 0 0 0 0 0 0 0 0 0 | POSITION 0 0 2 0 0 BLENDWEIGHT 0 10 6 0 16 BLENDINDICES 0 9 21 0 28 NORMAL 0 1 35 0 32 COLOR 0 8 24 0 36 TEXCOORD 0 4 26 0 40
1647CD4DD327C99C 1 917058B63BF582BB 2 5 20 00300336 07060706 F 6 FFFF00 018C9CE6 00000000 00000000 | 32 0 0 0 0 0 0 0 0 0 0 0 0 0 0 0 | POSITION 0 0 2 0 0 BLENDINDICES 0 9 21 0 16 NORMAL 0 1 35 0 20 COLOR 0 8 24 0 24 TEXCOORD 0 4 26 0 28
FD6716562E93D7E1 1 8CAB6CD93FB40FAD 2 5 20 00300336 07060706 F 6 FFFF00 018C9CE6 00000000 00000000 | 32 0 0 0 0 0 0 0 0 0 0 0 0 0 0 0 | POSITION 0 0 2 0 0 BLENDINDICES 0 9 21 0 16 NORMAL 0 1 35 0 20 COLOR 0 8 24 0 24 TEXCOORD 0 4 26 0 28
14BECB9A2BB63E85 1 323E1E69D4DF4B8D 2 5 20 00300332 07060706 F 6 FFFF00 018C9CE6 00000000 00000000 | 32 0 0 0 0 0 0 0 0 0 0 0 0 0 0 0 | POSITION 0 0 2 0 0 BLENDINDICES 0 9 21 0 16 NORMAL 0 1 35 0 20 COLOR 0 8 24 0 24 TEXCOORD 0 4 26 0 28
0EAEBF0EE30CC717 1 DF1F230CE4198804 2 5 20 00300336 07060706 F 6 FFFF00 859ADEC5 00000000 00000000 | 32 0 0 0 0 0 0 0 0 0 0 0 0 0 0 0 | POSITION 0 0 2 0 0 BLENDWEIGHT 0 10 2 15 0 BLENDINDICES 0 9 21 0 16 NORMAL 0 1 35 0 20 COLOR 0 8 24 0 24 TEXCOORD 0 4 26 0 28
0EAEBF0EE30CC717 1 DF1F230CE4198804 2 5 20 00300336 07060706 F 6 FFFF00 2A53D3C4 00000000 00000000 | 44 0 0 0 0 0 0 0 0 0 0 0 0 0 0 0 | POSITION 0 0 2 0 0 BLENDWEIGHT 0 10 6 0 16 BLENDINDICES 0 9 21 0 28 NORMAL 0 1 35 0 32 COLOR 0 8 24 0 36 TEXCOORD 0 4 26 0 40
C7961D7A4BEEDFCE 1 BBE3822DAFF61B4A 2 5 20 00300336 07060706 F 6 FFFF00 859ADEC5 00000000 00000000 | 32 0 0 0 0 0 0 0 0 0 0 0 0 0 0 0 | POSITION 0 0 2 0 0 BLENDWEIGHT 0 10 2 15 0 BLENDINDICES 0 9 21 0 16 NORMAL 0 1 35 0 20 COLOR 0 8 24 0 24 TEXCOORD 0 4 26 0 28
14BECB9A2BB63E85 1 B456EC67B06BDEB3 2 5 20 00300336 07060706 F 2 FFFF00 018C9CE6 00000000 00000000 | 32 0 0 0 0 0 0 0 0 0 0 0 0 0 0 0 | POSITION 0 0 2 0 0 BLENDINDICES 0 9 21 0 16 NORMAL 0 1 35 0 20 COLOR 0 8 24 0 24 TEXCOORD 0 4 26 0 28
14BECB9A2BB63E85 1 AC148704B99D23C7 0 5 20 1C3183B3 07060706 0 0 FFFF00 018C9CE6 00000000 00000000 | 32 0 0 0 0 0 0 0 0 0 0 0 0 0 0 0 | POSITION 0 0 2 0 0 BLENDINDICES 0 9 21 0 16 NORMAL 0 1 35 0 20 COLOR 0 8 24 0 24 TEXCOORD 0 4 26 0 28
571DEF70B5C0C6E3 1 AC148704B99D23C7 0 5 20 00300370 01060106 F 6 FFFF00 018C9CE6 00000000 00000000 | 32 0 0 0 0 0 0 0 0 0 0 0 0 0 0 0 | POSITION 0 0 2 0 0 BLENDINDICES 0 9 21 0 16 NORMAL 0 1 35 0 20 COLOR 0 8 24 0 24 TEXCOORD 0 4 26 0 28
2E9AF2698E5B2852 1 8CAB6CD93FB40FAD 2 5 20 00300336 07060706 0 6 FFFF00 859ADEC5 00000000 00000000 | 32 0 0 0 0 0 0 0 0 0 0 0 0 0 0 0 | POSITION 0 0 2 0 0 BLENDWEIGHT 0 10 2 15 0 BLENDINDICES 0 9 21 0 16 NORMAL 0 1 35 0 20 COLOR 0 8 24 0 24 TEXCOORD 0 4 26 0 28
6B087BD58DC75967 1 90242E631D229208 2 5 20 00300336 07060706 0 6 FFFF00 2A53D3C4 00000000 00000000 | 44 0 0 0 0 0 0 0 0 0 0 0 0 0 0 0 | POSITION 0 0 2 0 0 BLENDWEIGHT 0 10 6 0 16 BLENDINDICES 0 9 21 0 28 NORMAL 0 1 35 0 32 COLOR 0 8 24 0 36 TEXCOORD 0 4 26 0 40
6B087BD58DC75967 1 C62E32B43FE2AF03 2 5 20 00300336 07060706 0 0 FFFF00 2A53D3C4 00000000 00000000 | 44 0 0 0 0 0 0 0 0 0 0 0 0 0 0 0 | POSITION 0 0 2 0 0 BLENDWEIGHT 0 10 6 0 16 BLENDINDICES 0 9 21 0 28 NORMAL 0 1 35 0 32 COLOR 0 8 24 0 36 TEXCOORD 0 4 26 0 40
2E9AF2698E5B2852 1 8CAB6CD93FB40FAD 2 5 20 00300332 07060706 F 6 FFFF00 859ADEC5 00000000 00000000 | 32 0 0 0 0 0 0 0 0 0 0 0 0 0 0 0 | POSITION 0 0 2 0 0 BLENDWEIGHT 0 10 2 15 0 BLENDINDICES 0 9 21 0 16 NORMAL 0 1 35 0 20 COLOR 0 8 24 0 24 TEXCOORD 0 4 26 0 28
6B087BD58DC75967 1 90242E631D229208 2 5 20 00300332 07060706 F 6 FFFF00 2A53D3C4 00000000 00000000 | 44 0 0 0 0 0 0 0 0 0 0 0 0 0 0 0 | POSITION 0 0 2 0 0 BLENDWEIGHT 0 10 6 0 16 BLENDINDICES 0 9 21 0 28 NORMAL 0 1 35 0 32 COLOR 0 8 24 0 36 TEXCOORD 0 4 26 0 40
6B087BD58DC75967 1 C62E32B43FE2AF03 2 5 20 00300332 07060706 F 0 FFFF00 2A53D3C4 00000000 00000000 | 44 0 0 0 0 0 0 0 0 0 0 0 0 0 0 0 | POSITION 0 0 2 0 0 BLENDWEIGHT 0 10 6 0 16 BLENDINDICES 0 9 21 0 28 NORMAL 0 1 35 0 32 COLOR 0 8 24 0 36 TEXCOORD 0 4 26 0 40
8DBFABBABB6E9FA6 0 DDD1CB4D26CCF20A 2 4 20 00300330 00010001 F 0 FFFF00 00000652 00000000 00000000 | 20 0 0 0 0 0 0 0 0 0 0 0 0 0 0 0 | POSITION 0 0 6 0 0 TEXCOORD 0 4 16 0 12
0A84149DF47BECF3 0 54003E8A87694F93 0 5 20 00300332 07060706 F 0 FFFF00 0018CD93 00000000 00000000 | 40 0 0 0 0 0 0 0 0 0 0 0 0 0 0 0 | POSITION 0 0 6 0 0 COLOR 0 8 24 0 12 TEXCOORD 0 4 16 0 24 TEXCOORD 1 5 16 0 32
DBA5440902A4B518 1 7B3C2BAE2E9E98ED 2 5 20 00300336 07060706 F 6 FFFF00 2A53D3C4 00000000 00000000 | 44 0 0 0 0 0 0 0 0 0 0 0 0 0 0 0 | POSITION 0 0 2 0 0 BLENDWEIGHT 0 10 6 0 16 BLENDINDICES 0 9 21 0 28 NORMAL 0 1 35 0 32 COLOR 0 8 24 0 36 TEXCOORD 0 4 26 0 40
456298598036D391 0 320FD17144E0CADD 0 5 20 00300336 00010001 F 6 FFFF00 0000BE9B 00000000 00000000 | 28 0 0 0 0 0 0 0 0 0 0 0 0 0 0 0 | POSITION 0 0 6 0 0 NORMAL 0 1 7 0 12 TEXCOORD 0 4 26 0 24
E765A7E4E2A02EC9 0 FE42CF5DF5918356 2 5 20 00300336 07060706 F 6 FFFF00 00000698 00000000 00000000 | 16 0 0 0 0 0 0 0 0 0 0 0 0 0 0 0 | POSITION 0 0 6 0 0 TEXCOORD 0 4 26 0 12
75372DD0E2927D4E 0 1B8BB876CA546666 2 5 20 00300336 07060706 F 6 FFFF00 00000698 00000000 00000000 | 16 0 0 0 0 0 0 0 0 0 0 0 0 0 0 0 | POSITION 0 0 6 0 0 TEXCOORD 0 4 26 0 12
9C32632B628EDD92 1 548BBE299F4BA118 2 5 20 00300336 07060706 F 0 FFFF00 859ADEC5 00000000 00000000 | 32 0 0 0 0 0 0 0 0 0 0 0 0 0 0 0 | POSITION 0 0 2 0 0 BLENDWEIGHT 0 10 2 15 0 BLENDINDICES 0 9 21 0 16 NORMAL 0 1 35 0 20 COLOR 0 8 24 0 24 TEXCOORD 0 4 26 0 28
9C32632B628EDD92 1 9F8034E326734C41 2 5 20 00300336 07060706 F 0 FFFF00 859ADEC5 00000000 00000000 | 32 0 0 0 0 0 0 0 0 0 0 0 0 0 0 0 | POSITION 0 0 2 0 0 BLENDWEIGHT 0 10 2 15 0 BLENDINDICES 0 9 21 0 16 NORMAL 0 1 35 0 20 COLOR 0 8 24 0 24 TEXCOORD 0 4 26 0 28
5AA800A0951C4D9C 1 EAEF7D64F10FCCDD 2 5 20 00300336 07060706 F 0 FFFF00 859ADEC5 00000000 00000000 | 32 0 0 0 0 0 0 0 0 0 0 0 0 0 0 0 | POSITION 0 0 2 0 0 BLENDWEIGHT 0 10 2 15 0 BLENDINDICES 0 9 21 0 16 NORMAL 0 1 35 0 20 COLOR 0 8 24 0 24 TEXCOORD 0 4 26 0 28
5AA800A0951C4D9C 1 EDD69134F7FA05B0 2 5 20 00300336 07060706 F 6 FFFF00 859ADEC5 00000000 00000000 | 32 0 0 0 0 0 0 0 0 0 0 0 0 0 0 0 | POSITION 0 0 2 0 0 BLENDWEIGHT 0 10 2 15 0 BLENDINDICES 0 9 21 0 16 NORMAL 0 1 35 0 20 COLOR 0 8 24 0 24 TEXCOORD 0 4 26 0 28
5AA800A0951C4D9C 1 EAEF7D64F10FCCDD 2 5 20 00300336 07060706 F 6 FFFF00 859ADEC5 00000000 00000000 | 32 0 0 0 0 0 0 0 0 0 0 0 0 0 0 0 | POSITION 0 0 2 0 0 BLENDWEIGHT 0 10 2 15 0 BLENDINDICES 0 9 21 0 16 NORMAL 0 1 35 0 20 COLOR 0 8 24 0 24 TEXCOORD 0 4 26 0 28
5AA800A0951C4D9C 1 0E0757B5027FC632 2 5 20 00300336 07060706 F 6 FFFF00 859ADEC5 00000000 00000000 | 32 0 0 0 0 0 0 0 0 0 0 0 0 0 0 0 | POSITION 0 0 2 0 0 BLENDWEIGHT 0 10 2 15 0 BLENDINDICES 0 9 21 0 16 NORMAL 0 1 35 0 20 COLOR 0 8 24 0 24 TEXCOORD 0 4 26 0 28
328E57C6C81680DA 1 AC148704B99D23C7 2 5 20 00300336 07060706 F 0 FFFF00 859ADEC5 00000000 00000000 | 32 0 0 0 0 0 0 0 0 0 0 0 0 0 0 0 | POSITION 0 0 2 0 0 BLENDWEIGHT 0 10 2 15 0 BLENDINDICES 0 9 21 0 16 NORMAL 0 1 35 0 20 COLOR 0 8 24 0 24 TEXCOORD 0 4 26 0 28
328E57C6C81680DA 1 B456EC67B06BDEB3 2 5 20 00300336 07060706 F 6 FFFF00 859ADEC5 00000000 00000000 | 32 0 0 0 0 0 0 0 0 0 0 0 0 0 0 0 | POSITION 0 0 2 0 0 BLENDWEIGHT 0 10 2 15 0 BLENDINDICES 0 9 21 0 16 NORMAL 0 1 35 0 20 COLOR 0 8 24 0 24 TEXCOORD 0 4 26 0 28
328E57C6C81680DA 1 AC148704B99D23C7 2 5 20 00300336 07060706 F 6 FFFF00 859ADEC5 00000000 00000000 | 32 0 0 0 0 0 0 0 0 0 0 0 0 0 0 0 | POSITION 0 0 2 0 0 BLENDWEIGHT 0 10 2 15 0 BLENDINDICES 0 9 21 0 16 NORMAL 0 1 35 0 20 COLOR 0 8 24 0 24 TEXCOORD 0 4 26 0 28
328E57C6C81680DA 1 AC148704B99D23C7 2 5 20 00300336 01060106 F 6 FFFF00 859ADEC5 00000000 00000000 | 32 0 0 0 0 0 0 0 0 0 0 0 0 0 0 0 | POSITION 0 0 2 0 0 BLENDWEIGHT 0 10 2 15 0 BLENDINDICES 0 9 21 0 16 NORMAL 0 1 35 0 20 COLOR 0 8 24 0 24 TEXCOORD 0 4 26 0 28
0EAEBF0EE30CC717 1 DF1F230CE4198804 2 5 20 00300336 07060706 F 0 FFFF00 859ADEC5 00000000 00000000 | 32 0 0 0 0 0 0 0 0 0 0 0 0 0 0 0 | POSITION 0 0 2 0 0 BLENDWEIGHT 0 10 2 15 0 BLENDINDICES 0 9 21 0 16 NORMAL 0 1 35 0 20 COLOR 0 8 24 0 24 TEXCOORD 0 4 26 0 28
5AA800A0951C4D9C 1 EDD69134F7FA05B0 2 5 20 00300336 07060706 F 0 FFFF00 859ADEC5 00000000 00000000 | 32 0 0 0 0 0 0 0 0 0 0 0 0 0 0 0 | POSITION 0 0 2 0 0 BLENDWEIGHT 0 10 2 15 0 BLENDINDICES 0 9 21 0 16 NORMAL 0 1 35 0 20 COLOR 0 8 24 0 24 TEXCOORD 0 4 26 0 28
328E57C6C81680DA 1 B456EC67B06BDEB3 2 5 20 00300336 07060706 F 0 FFFF00 859ADEC5 00000000 00000000 | 32 0 0 0 0 0 0 0 0 0 0 0 0 0 0 0 | POSITION 0 0 2 0 0 BLENDWEIGHT 0 10 2 15 0 BLENDINDICES 0 9 21 0 16 NORMAL 0 1 35 0 20 COLOR 0 8 24 0 24 TEXCOORD 0 4 26 0 28
B849207CA9AB75FA 0 06904034CA18C822 0 4 20 00700734 00010001 F 0 FFFF00 00000332 00000000 00000000 | 24 0 0 0 0 0 0 0 0 0 0 0 0 0 0 0 | POSITION 0 0 2 0 0 TEXCOORD 0 4 16 0 16
B849207CA9AB75FA 0 CAD17C0BAFD5F8B9 0 4 20 00700734 00010001 F 0 FFFF00 00000332 00000000 00000000 | 24 0 0 0 0 0 0 0 0 0 0 0 0 0 0 0 | POSITION 0 0 2 0 0 TEXCOORD 0 4 16 0 16
B849207CA9AB75FA 0 736A79016409B01F 0 4 20 00700734 00010001 F 0 FFFF00 00000332 00000000 00000000 | 24 0 0 0 0 0 0 0 0 0 0 0 0 0 0 0 | POSITION 0 0 2 0 0 TEXCOORD 0 4 16 0 16
B849207CA9AB75FA 0 F8BFAAB884193087 0 4 20 00700734 00010001 F 0 FFFF00 00000332 00000000 00000000 | 24 0 0 0 0 0 0 0 0 0 0 0 0 0 0 0 | POSITION 0 0 2 0 0 TEXCOORD 0 4 16 0 16
B849207CA9AB75FA 0 3159DD0C10DD59C9 0 4 20 00700734 00010001 F 0 FFFF00 00000332 00000000 00000000 | 24 0 0 0 0 0 0 0 0 0 0 0 0 0 0 0 | POSITION 0 0 2 0 0 TEXCOORD 0 4 16 0 16
B849207CA9AB75FA 0 B8DE3EF1DA671BB5 0 4 20 00700734 00010001 F 0 FFFF00 00000332 00000000 00000000 | 24 0 0 0 0 0 0 0 0 0 0 0 0 0 0 0 | POSITION 0 0 2 0 0 TEXCOORD 0 4 16 0 16
B849207CA9AB75FA 0 E13F845CB84697F6 0 4 20 00700734 00010001 F 0 FFFF00 00000332 00000000 00000000 | 24 0 0 0 0 0 0 0 0 0 0 0 0 0 0 0 | POSITION 0 0 2 0 0 TEXCOORD 0 4 16 0 16
09A3BB050FC5D580 1 345C1E5678859029 2 5 20 00700736 07060706 F 6 FFFF00 018C9CE6 00000000 00000000 | 32 0 0 0 0 0 0 0 0 0 0 0 0 0 0 0 | POSITION 0 0 2 0 0 BLENDINDICES 0 9 21 0 16 NORMAL 0 1 35 0 20 COLOR 0 8 24 0 24 TEXCOORD 0 4 26 0 28
C7961D7A4BEEDFCE 1 3B341095B21F6818 2 5 20 00700736 07060706 F 6 FFFF00 2A53D3C4 00000000 00000000 | 44 0 0 0 0 0 0 0 0 0 0 0 0 0 0 0 | POSITION 0 0 2 0 0 BLENDWEIGHT 0 10 6 0 16 BLENDINDICES 0 9 21 0 28 NORMAL 0 1 35 0 32 COLOR 0 8 24 0 36 TEXCOORD 0 4 26 0 40
C7961D7A4BEEDFCE 1 E12391C57D16A6EB 2 5 20 00700736 07060706 F 6 FFFF00 859ADEC5 00000000 00000000 | 32 0 0 0 0 0 0 0 0 0 0 0 0 0 0 0 | POSITION 0 0 2 0 0 BLENDWEIGHT 0 10 2 15 0 BLENDINDICES 0 9 21 0 16 NORMAL 0 1 35 0 20 COLOR 0 8 24 0 24 TEXCOORD 0 4 26 0 28
C7961D7A4BEEDFCE 1 BBE3822DAFF61B4A 2 5 20 00700736 07060706 F 6 FFFF00 859ADEC5 00000000 00000000 | 32 0 0 0 0 0 0 0 0 0 0 0 0 0 0 0 | POSITION 0 0 2 0 0 BLENDWEIGHT 0 10 2 15 0 BLENDINDICES 0 9 21 0 16 NORMAL 0 1 35 0 20 COLOR 0 8 24 0 24 TEXCOORD 0 4 26 0 28
14BECB9A2BB63E85 1 323E1E69D4DF4B8D 2 5 20 00700736 07060706 F 6 FFFF00 018C9CE6 00000000 00000000 | 32 0 0 0 0 0 0 0 0 0 0 0 0 0 0 0 | POSITION 0 0 2 0 0 BLENDINDICES 0 9 21 0 16 NORMAL 0 1 35 0 20 COLOR 0 8 24 0 24 TEXCOORD 0 4 26 0 28
78F1DA0DC6F64E24 1 4E98577E4D43FF1C 2 5 20 00700736 07060706 F 6 FFFF00 018C9CE6 00000000 00000000 | 32 0 0 0 0 0 0 0 0 0 0 0 0 0 0 0 | POSITION 0 0 2 0 0 BLENDINDICES 0 9 21 0 16 NORMAL 0 1 35 0 20 COLOR 0 8 24 0 24 TEXCOORD 0 4 26 0 28
14BECB9A2BB63E85 1 B456EC67B06BDEB3 2 5 20 00700736 07060706 F 2 FFFF00 018C9CE6 00000000 00000000 | 32 0 0 0 0 0 0 0 0 0 0 0 0 0 0 0 | POSITION 0 0 2 0 0 BLENDINDICES 0 9 21 0 16 NORMAL 0 1 35 0 20 COLOR 0 8 24 0 24 TEXCOORD 0 4 26 0 28
6B087BD58DC75967 1 63A3312442C5BB28 2 5 20 00300336 07060706 F 0 FFFF00 2A53D3C4 00000000 00000000 | 44 0 0 0 0 0 0 0 0 0 0 0 0 0 0 0 | POSITION 0 0 2 0 0 BLENDWEIGHT 0 10 6 0 16 BLENDINDICES 0 9 21 0 28 NORMAL 0 1 35 0 32 COLOR 0 8 24 0 36 TEXCOORD 0 4 26 0 40
8FAC8FB97E47E6E5 1 2E4B366C5A166AB4 2 5 20 00300336 07060706 F 6 FFFF00 2A53D3C4 00000000 00000000 | 44 0 0 0 0 0 0 0 0 0 0 0 0 0 0 0 | POSITION 0 0 2 0 0 BLENDWEIGHT 0 10 6 0 16 BLENDINDICES 0 9 21 0 28 NORMAL 0 1 35 0 32 COLOR 0 8 24 0 36 TEXCOORD 0 4 26 0 40
09A3BB050FC5D580 1 345C1E5678859029 2 5 20 00300336 07060706 F 6 FFFF00 018C9CE6 00000000 00000000 | 32 0 0 0 0 0 0 0 0 0 0 0 0 0 0 0 | POSITION 0 0 2 0 0 BLENDINDICES 0 9 21 0 16 NORMAL 0 1 35 0 20 COLOR 0 8 24 0 24 TEXCOORD 0 4 26 0 28
C7961D7A4BEEDFCE 1 3B341095B21F6818 2 5 20 00300336 07060706 F 6 FFFF00 2A53D3C4 00000000 00000000 | 44 0 0 0 0 0 0 0 0 0 0 0 0 0 0 0 | POSITION 0 0 2 0 0 BLENDWEIGHT 0 10 6 0 16 BLENDINDICES 0 9 21 0 28 NORMAL 0 1 35 0 32 COLOR 0 8 24 0 36 TEXCOORD 0 4 26 0 40
C7961D7A4BEEDFCE 1 E12391C57D16A6EB 2 5 20 00300336 07060706 F 6 FFFF00 859ADEC5 00000000 00000000 | 32 0 0 0 0 0 0 0 0 0 0 0 0 0 0 0 | POSITION 0 0 2 0 0 BLENDWEIGHT 0 10 2 15 0 BLENDINDICES 0 9 21 0 16 NORMAL 0 1 35 0 20 COLOR 0 8 24 0 24 TEXCOORD 0 4 26 0 28
C7961D7A4BEEDFCE 1 87769B0A915FCB4E 2 5 20 00300336 07060706 F 6 FFFF00 2A53D3C4 00000000 00000000 | 44 0 0 0 0 0 0 0 0 0 0 0 0 0 0 0 | POSITION 0 0 2 0 0 BLENDWEIGHT 0 10 6 0 16 BLENDINDICES 0 9 21 0 28 NORMAL 0 1 35 0 32 COLOR 0 8 24 0 36 TEXCOORD 0 4 26 0 40
9C32632B628EDD92 1 916B6CA7DC935741 2 5 20 00300336 07060706 F 6 FFFF00 2A53D3C4 00000000 00000000 | 44 0 0 0 0 0 0 0 0 0 0 0 0 0 0 0 | POSITION 0 0 2 0 0 BLENDWEIGHT 0 10 6 0 16 BLENDINDICES 0 9 21 0 28 NORMAL 0 1 35 0 32 COLOR 0 8 24 0 36 TEXCOORD 0 4 26 0 40
C7961D7A4BEEDFCE 1 2B05EC0583F47C1B 2 5 20 00300336 07060706 F 6 FFFF00 859ADEC5 00000000 00000000 | 32 0 0 0 0 0 0 0 0 0 0 0 0 0 0 0 | POSITION 0 0 2 0 0 BLENDWEIGHT 0 10 2 15 0 BLENDINDICES 0 9 21 0 16 NORMAL 0 1 35 0 20 COLOR 0 8 24 0 24 TEXCOORD 0 4 26 0 28
6B087BD58DC75967 1 00D7876265137451 2 5 20 00300336 07060706 F 0 FFFF00 2A53D3C4 00000000 00000000 | 44 0 0 0 0 0 0 0 0 0 0 0 0 0 0 0 | POSITION 0 0 2 0 0 BLENDWEIGHT 0 10 6 0 16 BLENDINDICES 0 9 21 0 28 NORMAL 0 1 35 0 32 COLOR 0 8 24 0 36 TEXCOORD 0 4 26 0 40
6B087BD58DC75967 1 00D7876265137451 2 5 20 00300336 07060706 F 0 FFFF00 859ADEC5 00000000 00000000 | 32 0 0 0 0 0 0 0 0 0 0 0 0 0 0 0 | POSITION 0 0 2 0 0 BLENDWEIGHT 0 10 2 15 0 BLENDINDICES 0 9 21 0 16 NORMAL 0 1 35 0 20 COLOR 0 8 24 0 24 TEXCOORD 0 4 26 0 28
B611F0EAD2E08458 1 BB4BECD6CFB317E1 2 5 20 00300336 07060706 F 6 FFFF00 859ADEC5 00000000 00000000 | 32 0 0 0 0 0 0 0 0 0 0 0 0 0 0 0 | POSITION 0 0 2 0 0 BLENDWEIGHT 0 10 2 15 0 BLENDINDICES 0 9 21 0 16 NORMAL 0 1 35 0 20 COLOR 0 8 24 0 24 TEXCOORD 0 4 26 0 28
B611F0EAD2E08458 1 AC5DB0CAE6B4605E 2 5 20 00300336 07060706 F 6 FFFF00 859ADEC5 00000000 00000000 | 32 0 0 0 0 0 0 0 0 0 0 0 0 0 0 0 | POSITION 0 0 2 0 0 BLENDWEIGHT 0 10 2 15 0 BLENDINDICES 0 9 21 0 16 NORMAL 0 1 35 0 20 COLOR 0 8 24 0 24 TEXCOORD 0 4 26 0 28
B611F0EAD2E08458 1 AC5DB0CAE6B4605E 2 5 20 00300336 07060706 F 0 FFFF00 859ADEC5 00000000 00000000 | 32 0 0 0 0 0 0 0 0 0 0 0 0 0 0 0 | POSITION 0 0 2 0 0 BLENDWEIGHT 0 10 2 15 0 BLENDINDICES 0 9 21 0 16 NORMAL 0 1 35 0 20 COLOR 0 8 24 0 24 TEXCOORD 0 4 26 0 28
B611F0EAD2E08458 1 BB4BECD6CFB317E1 2 5 20 00300336 07060706 F 0 FFFF00 859ADEC5 00000000 00000000 | 32 0 0 0 0 0 0 0 0 0 0 0 0 0 0 0 | POSITION 0 0 2 0 0 BLENDWEIGHT 0 10 2 15 0 BLENDINDICES 0 9 21 0 16 NORMAL 0 1 35 0 20 COLOR 0 8 24 0 24 TEXCOORD 0 4 26 0 28
D41D55059D2DAE2A 1 548BBE299F4BA118 2 5 20 00300336 07060706 F 6 FFFF00 018C9CE6 00000000 00000000 | 32 0 0 0 0 0 0 0 0 0 0 0 0 0 0 0 | POSITION 0 0 2 0 0 BLENDINDICES 0 9 21 0 16 NORMAL 0 1 35 0 20 COLOR 0 8 24 0 24 TEXCOORD 0 4 26 0 28
FD6716562E93D7E1 1 CD995A4AE5EE0AF5 2 5 20 00300336 07060706 F 0 FFFF00 018C9CE6 00000000 00000000 | 32 0 0 0 0 0 0 0 0 0 0 0 0 0 0 0 | POSITION 0 0 2 0 0 BLENDINDICES 0 9 21 0 16 NORMAL 0 1 35 0 20 COLOR 0 8 24 0 24 TEXCOORD 0 4 26 0 28
FD6716562E93D7E1 1 8CAB6CD93FB40FAD 2 5 20 00300336 07060706 F 0 FFFF00 018C9CE6 00000000 00000000 | 32 0 0 0 0 0 0 0 0 0 0 0 0 0 0 0 | POSITION 0 0 2 0 0 BLENDINDICES 0 9 21 0 16 NORMAL 0 1 35 0 20 COLOR 0 8 24 0 24 TEXCOORD 0 4 26 0 28
0EAEBF0EE30CC717 1 7111722BCC749AAE 2 5 20 00300336 07060706 F 6 FFFF00 859ADEC5 00000000 00000000 | 32 0 0 0 0 0 0 0 0 0 0 0 0 0 0 0 | POSITION 0 0 2 0 0 BLENDWEIGHT 0 10 2 15 0 BLENDINDICES 0 9 21 0 16 NORMAL 0 1 35 0 20 COLOR 0 8 24 0 24 TEXCOORD 0 4 26 0 28
0EAEBF0EE30CC717 1 7111722BCC749AAE 2 5 20 00300336 07060706 F 6 FFFF00 2A53D3C4 00000000 00000000 | 44 0 0 0 0 0 0 0 0 0 0 0 0 0 0 0 | POSITION 0 0 2 0 0 BLENDWEIGHT 0 10 6 0 16 BLENDINDICES 0 9 21 0 28 NORMAL 0 1 35 0 32 COLOR 0 8 24 0 36 TEXCOORD 0 4 26 0 40
9C32632B628EDD92 1 24B3E2C678D1064B 2 5 20 00300336 07060706 F 6 FFFF00 2A53D3C4 00000000 00000000 | 44 0 0 0 0 0 0 0 0 0 0 0 0 0 0 0 | POSITION 0 0 2 0 0 BLENDWEIGHT 0 10 6 0 16 BLENDINDICES 0 9 21 0 28 NORMAL 0 1 35 0 32 COLOR 0 8 24 0 36 TEXCOORD 0 4 26 0 40
D0AAD987E0862DB5 1 8E539A1F1308B1F2 2 5 20 00300332 01060106 F 6 FFFF00 018C9CE6 00000000 00000000 | 32 0 0 0 0 0 0 0 0 0 0 0 0 0 0 0 | POSITION 0 0 2 0 0 BLENDINDICES 0 9 21 0 16 NORMAL 0 1 35 0 20 COLOR 0 8 24 0 24 TEXCOORD 0 4 26 0 28
328E57C6C81680DA 1 BFADB809BAE55255 0 5 20 00300336 00010001 F 6 FFFF00 859ADEC5 00000000 00000000 | 32 0 0 0 0 0 0 0 0 0 0 0 0 0 0 0 | POSITION 0 0 2 0 0 BLENDWEIGHT 0 10 2 15 0 BLENDINDICES 0 9 21 0 16 NORMAL 0 1 35 0 20 COLOR 0 8 24 0 24 TEXCOORD 0 4 26 0 28
328E57C6C81680DA 1 AC148704B99D23C7 0 5 20 00300336 00010001 F 6 FFFF00 859ADEC5 00000000 00000000 | 32 0 0 0 0 0 0 0 0 0 0 0 0 0 0 0 | POSITION 0 0 2 0 0 BLENDWEIGHT 0 10 2 15 0 BLENDINDICES 0 9 21 0 16 NORMAL 0 1 35 0 20 COLOR 0 8 24 0 24 TEXCOORD 0 4 26 0 28
2E9AF2698E5B2852 1 8CAB6CD93FB40FAD 2 5 20 00300336 07060706 F 6 FFFF00 859ADEC5 00000000 00000000 | 32 0 0 0 0 0 0 0 0 0 0 0 0 0 0 0 | POSITION 0 0 2 0 0 BLENDWEIGHT 0 10 2 15 0 BLENDINDICES 0 9 21 0 16 NORMAL 0 1 35 0 20 COLOR 0 8 24 0 24 TEXCOORD 0 4 26 0 28
A55D4C97CCCD34E5 0 C1ECB901C3DF205F 0 5 20 00300336 00010001 F 6 FFFF00 0000BE9B 00000000 00000000 | 28 0 0 0 0 0 0 0 0 0 0 0 0 0 0 0 | POSITION 0 0 6 0 0 NORMAL 0 1 7 0 12 TEXCOORD 0 4 26 0 24
831B989074BDDDF7 1 0E0757B5027FC632 2 5 20 00300336 07060706 F 6 FFFF00 018C9CE6 00000000 00000000 | 32 0 0 0 0 0 0 0 0 0 0 0 0 0 0 0 | POSITION 0 0 2 0 0 BLENDINDICES 0 9 21 0 16 NORMAL 0 1 35 0 20 COLOR 0 8 24 0 24 TEXCOORD 0 4 26 0 28
831B989074BDDDF7 1 EDD69134F7FA05B0 2 5 20 00300336 07060706 F 6 FFFF00 018C9CE6 00000000 00000000 | 32 0 0 0 0 0 0 0 0 0 0 0 0 0 0 0 | POSITION 0 0 2 0 0 BLENDINDICES 0 9 21 0 16 NORMAL 0 1 35 0 20 COLOR 0 8 24 0 24 TEXCOORD 0 4 26 0 28
331A7FD11F8BA193 0 1B8BB876CA546666 2 5 20 00300336 07060706 F 6 FFFF00 00000698 00000000 00000000 | 16 0 0 0 0 0 0 0 0 0 0 0 0 0 0 0 | POSITION 0 0 6 0 0 TEXCOORD 0 4 26 0 12
9C32632B628EDD92 1 D95AEE97F19A2A5F 2 5 20 00300336 07060706 F 6 FFFF00 2A53D3C4 00000000 00000000 | 44 0 0 0 0 0 0 0 0 0 0 0 0 0 0 0 | POSITION 0 0 2 0 0 BLENDWEIGHT 0 10 6 0 16 BLENDINDICES 0 9 21 0 28 NORMAL 0 1 35 0 32 COLOR 0 8 24 0 36 TEXCOORD 0 4 26 0 40
B6E4786C184561F9 1 AC148704B99D23C7 2 5 20 00300336 07060706 F 0 FFFF00 018C9CE6 00000000 00000000 | 32 0 0 0 0 0 0 0 0 0 0 0 0 0 0 0 | POSITION 0 0 2 0 0 BLENDINDICES 0 9 21 0 16 NORMAL 0 1 35 0 20 COLOR 0 8 24 0 24 TEXCOORD 0 4 26 0 28
A9A1BF532F59C2FC 1 EAEF7D64F10FCCDD 2 5 20 00300336 07060706 F 0 FFFF00 018C9CE6 00000000 00000000 | 32 0 0 0 0 0 0 0 0 0 0 0 0 0 0 0 | POSITION 0 0 2 0 0 BLENDINDICES 0 9 21 0 16 NORMAL 0 1 35 0 20 COLOR 0 8 24 0 24 TEXCOORD 0 4 26 0 28
5CE85ADA10493940 0 4EA7868A02DF0DE3 2 4 20 00300330 01060106 F 0 FFFF00 0000002A 00000000 00000000 | 12 0 0 0 0 0 0 0 0 0 0 0 0 0 0 0 | POSITION 0 0 6 0 0
8E079AD07D46A3C2 1 EDD358CB3707D31B 2 5 20 00700736 07060706 F 6 FFFF00 859ADEC5 00000000 00000000 | 32 0 0 0 0 0 0 0 0 0 0 0 0 0 0 0 | POSITION 0 0 2 0 0 BLENDWEIGHT 0 10 2 15 0 BLENDINDICES 0 9 21 0 16 NORMAL 0 1 35 0 20 COLOR 0 8 24 0 24 TEXCOORD 0 4 26 0 28
C7961D7A4BEEDFCE 1 2B05EC0583F47C1B 2 5 20 00700736 07060706 F 6 FFFF00 2A53D3C4 00000000 00000000 | 44 0 0 0 0 0 0 0 0 0 0 0 0 0 0 0 | POSITION 0 0 2 0 0 BLENDWEIGHT 0 10 6 0 16 BLENDINDICES 0 9 21 0 28 NORMAL 0 1 35 0 32 COLOR 0 8 24 0 36 TEXCOORD 0 4 26 0 40
8E079AD07D46A3C2 1 EDD358CB3707D31B 2 5 20 00700736 07060706 F 6 FFFF00 2A53D3C4 00000000 00000000 | 44 0 0 0 0 0 0 0 0 0 0 0 0 0 0 0 | POSITION 0 0 2 0 0 BLENDWEIGHT 0 10 6 0 16 BLENDINDICES 0 9 21 0 28 NORMAL 0 1 35 0 32 COLOR 0 8 24 0 36 TEXCOORD 0 4 26 0 40
C7961D7A4BEEDFCE 1 0C63EB5A100BD609 2 5 20 00700736 07060706 F 0 FFFF00 2A53D3C4 00000000 00000000 | 44 0 0 0 0 0 0 0 0 0 0 0 0 0 0 0 | POSITION 0 0 2 0 0 BLENDWEIGHT 0 10 6 0 16 BLENDINDICES 0 9 21 0 28 NORMAL 0 1 35 0 32 COLOR 0 8 24 0 36 TEXCOORD 0 4 26 0 40
C7961D7A4BEEDFCE 1 87769B0A915FCB4E 2 5 20 00700736 07060706 F 6 FFFF00 2A53D3C4 00000000 00000000 | 44 0 0 0 0 0 0 0 0 0 0 0 0 0 0 0 | POSITION 0 0 2 0 0 BLENDWEIGHT 0 10 6 0 16 BLENDINDICES 0 9 21 0 28 NORMAL 0 1 35 0 32 COLOR 0 8 24 0 36 TEXCOORD 0 4 26 0 40
9C32632B628EDD92 1 916B6CA7DC935741 2 5 20 00700736 07060706 F 6 FFFF00 2A53D3C4 00000000 00000000 | 44 0 0 0 0 0 0 0 0 0 0 0 0 0 0 0 | POSITION 0 0 2 0 0 BLENDWEIGHT 0 10 6 0 16 BLENDINDICES 0 9 21 0 28 NORMAL 0 1 35 0 32 COLOR 0 8 24 0 36 TEXCOORD 0 4 26 0 40
C7961D7A4BEEDFCE 1 2B05EC0583F47C1B 2 5 20 00700736 07060706 F 6 FFFF00 859ADEC5 00000000 00000000 | 32 0 0 0 0 0 0 0 0 0 0 0 0 0 0 0 | POSITION 0 0 2 0 0 BLENDWEIGHT 0 10 2 15 0 BLENDINDICES 0 9 21 0 16 NORMAL 0 1 35 0 20 COLOR 0 8 24 0 24 TEXCOORD 0 4 26 0 28
8DBFABBABB6E9FA6 0 A89BA450C5DE961F 2 4 20 00300330 07060706 F 0 FFFF00 00000652 00000000 00000000 | 20 0 0 0 0 0 0 0 0 0 0 0 0 0 0 0 | POSITION 0 0 6 0 0 TEXCOORD 0 4 16 0 12
C7961D7A4BEEDFCE 1 A1D9FD8D4C6D98C0 2 5 20 00300336 07060706 F 6 FFFF00 2A53D3C4 00000000 00000000 | 44 0 0 0 0 0 0 0 0 0 0 0 0 0 0 0 | POSITION 0 0 2 0 0 BLENDWEIGHT 0 10 6 0 16 BLENDINDICES 0 9 21 0 28 NORMAL 0 1 35 0 32 COLOR 0 8 24 0 36 TEXCOORD 0 4 26 0 40
0EAEBF0EE30CC717 1 DF1F230CE4198804 2 5 20 00300336 07060706 F 0 FFFF00 2A53D3C4 00000000 00000000 | 44 0 0 0 0 0 0 0 0 0 0 0 0 0 0 0 | POSITION 0 0 2 0 0 BLENDWEIGHT 0 10 6 0 16 BLENDINDICES 0 9 21 0 28 NORMAL 0 1 35 0 32 COLOR 0 8 24 0 36 TEXCOORD 0 4 26 0 40
9225557549B11A56 1 045F90B1AA1136C6 2 5 20 00300336 07060706 F 6 FFFF00 859ADEC5 00000000 00000000 | 32 0 0 0 0 0 0 0 0 0 0 0 0 0 0 0 | POSITION 0 0 2 0 0 BLENDWEIGHT 0 10 2 15 0 BLENDINDICES 0 9 21 0 16 NORMAL 0 1 35 0 20 COLOR 0 8 24 0 24 TEXCOORD 0 4 26 0 28
6B0ABB356AEB284C 1 9A547EC3D716BA22 2 5 20 00300336 07060706 F 6 FFFF00 859ADEC5 00000000 00000000 | 32 0 0 0 0 0 0 0 0 0 0 0 0 0 0 0 | POSITION 0 0 2 0 0 BLENDWEIGHT 0 10 2 15 0 BLENDINDICES 0 9 21 0 16 NORMAL 0 1 35 0 20 COLOR 0 8 24 0 24 TEXCOORD 0 4 26 0 28
74582A4A5FFFFE10 1 CDCFE794B63B2FC7 2 5 20 00300336 07060706 F 6 FFFF00 859ADEC5 00000000 00000000 | 32 0 0 0 0 0 0 0 0 0 0 0 0 0 0 0 | POSITION 0 0 2 0 0 BLENDWEIGHT 0 10 2 15 0 BLENDINDICES 0 9 21 0 16 NORMAL 0 1 35 0 20 COLOR 0 8 24 0 24 TEXCOORD 0 4 26 0 28
328E57C6C81680DA 1 AC148704B99D23C7 2 5 20 00300336 07060706 F 0 FFFF00 2A53D3C4 00000000 00000000 | 44 0 0 0 0 0 0 0 0 0 0 0 0 0 0 0 | POSITION 0 0 2 0 0 BLENDWEIGHT 0 10 6 0 16 BLENDINDICES 0 9 21 0 28 NORMAL 0 1 35 0 32 COLOR 0 8 24 0 36 TEXCOORD 0 4 26 0 40
6B087BD58DC75967 1 1E6B96119B9656AD 2 5 20 00300336 07060706 F 6 FFFF00 2A53D3C4 00000000 00000000 | 44 0 0 0 0 0 0 0 0 0 0 0 0 0 0 0 | POSITION 0 0 2 0 0 BLENDWEIGHT 0 10 6 0 16 BLENDINDICES 0 9 21 0 28 NORMAL 0 1 35 0 32 COLOR 0 8 24 0 36 TEXCOORD 0 4 26 0 40
6B087BD58DC75967 1 C96B231E248F0C78 2 5 20 00300336 07060706 F 0 FFFF00 2A53D3C4 00000000 00000000 | 44 0 0 0 0 0 0 0 0 0 0 0 0 0 0 0 | POSITION 0 0 2 0 0 BLENDWEIGHT 0 10 6 0 16 BLENDINDICES 0 9 21 0 28 NORMAL 0 1 35 0 32 COLOR 0 8 24 0 36 TEXCOORD 0 4 26 0 40
8FAC8FB97E47E6E5 1 917058B63BF582BB 2 5 20 00300336 07060706 F 6 FFFF00 859ADEC5 00000000 00000000 | 32 0 0 0 0 0 0 0 0 0 0 0 0 0 0 0 | POSITION 0 0 2 0 0 BLENDWEIGHT 0 10 2 15 0 BLENDINDICES 0 9 21 0 16 NORMAL 0 1 35 0 20 COLOR 0 8 24 0 24 TEXCOORD 0 4 26 0 28
0EAEBF0EE30CC717 1 62DEE0135D2D29DA 2 5 20 00300336 07060706 F 6 FFFF00 2A53D3C4 00000000 00000000 | 44 0 0 0 0 0 0 0 0 0 0 0 0 0 0 0 | POSITION 0 0 2 0 0 BLENDWEIGHT 0 10 6 0 16 BLENDINDICES 0 9 21 0 28 NORMAL 0 1 35 0 32 COLOR 0 8 24 0 36 TEXCOORD 0 4 26 0 40
0EAEBF0EE30CC717 1 62DEE0135D2D29DA 2 5 20 00300336 07060706 F 6 FFFF00 859ADEC5 00000000 00000000 | 32 0 0 0 0 0 0 0 0 0 0 0 0 0 0 0 | POSITION 0 0 2 0 0 BLENDWEIGHT 0 10 2 15 0 BLENDINDICES 0 9 21 0 16 NORMAL 0 1 35 0 20 COLOR 0 8 24 0 24 TEXCOORD 0 4 26 0 28
9C32632B628EDD92 1 9F8034E326734C41 2 5 20 00300336 07060706 F 6 FFFF00 2A53D3C4 00000000 00000000 | 44 0 0 0 0 0 0 0 0 0 0 0 0 0 0 0 | POSITION 0 0 2 0 0 BLENDWEIGHT 0 10 6 0 16 BLENDINDICES 0 9 21 0 28 NORMAL 0 1 35 0 32 COLOR 0 8 24 0 36 TEXCOORD 0 4 26 0 40
E1CC1B7AC758804D 1 9F8034E326734C41 2 5 20 00300336 07060706 F 6 FFFF00 018C9CE6 00000000 00000000 | 32 0 0 0 0 0 0 0 0 0 0 0 0 0 0 0 | POSITION 0 0 2 0 0 BLENDINDICES 0 9 21 0 16 NORMAL 0 1 35 0 20 COLOR 0 8 24 0 24 TEXCOORD 0 4 26 0 28
5CE85ADA10493940 0 4EA7868A02DF0DE3 2 4 20 00300336 07060706 F 0 FFFF00 0000002A 00000000 00000000 | 12 0 0 0 0 0 0 0 0 0 0 0 0 0 0 0 | POSITION 0 0 6 0 0
14BECB9A2BB63E85 1 AC148704B99D23C7 0 5 20 00300335 01860186 F 6 FFFF00 018C9CE6 00000000 00000000 | 32 0 0 0 0 0 0 0 0 0 0 0 0 0 0 0 | POSITION 0 0 2 0 0 BLENDINDICES 0 9 21 0 16 NORMAL 0 1 35 0 20 COLOR 0 8 24 0 24 TEXCOORD 0 4 26 0 28
328E57C6C81680DA 1 BFADB809BAE55255 2 5 20 00300336 07060706 F 0 FFFF00 859ADEC5 00000000 00000000 | 32 0 0 0 0 0 0 0 0 0 0 0 0 0 0 0 | POSITION 0 0 2 0 0 BLENDWEIGHT 0 10 2 15 0 BLENDINDICES 0 9 21 0 16 NORMAL 0 1 35 0 20 COLOR 0 8 24 0 24 TEXCOORD 0 4 26 0 28
